-1	0.0479858
-1	0.0809205
-1	0.110837
-1	0.154055
-1	0.0030325
-1	0.018951
-1	0.187683
-1	0.141538
-1	0.113372
-1	-0.122955
-1	0.0816647
-1	-0.0442641
-1	0.143145
-1	-0.131006
-1	0.0132489
-1	0.0356595
-1	-0.0135288
-1	0.180188
-1	-0.185574
-1	-0.0179846
-1	0.0824794
-1	0.119133
-1	0.110015
-1	-0.0647267
-1	0.14233
-1	0.0246284
-1	-0.0560078
-1	0.118607
-1	0.0741684
-1	0.0886435
-1	0.0408334
-1	0.218898
-1	-0.155205
-1	0.258849
-1	0.186794
-1	-0.00158536
-1	-0.0518609
-1	-0.0255836
-1	-0.0194327
-1	-0.223396
-1	0.000252863
-1	0.0844335
-1	0.135206
-1	0.0106147
-1	0.116711
-1	0.0551247
-1	0.163229
-1	0.258545
-1	0.00713169
-1	0.323333
-1	0.0949574
-1	0.0873929
-1	-0.0194352
-1	0.0560296
-1	-0.0381142
-1	0.0345231
-1	-0.13594
-1	0.0622516
-1	0.0741916
-1	0.0738321
-1	-0.134029
-1	-0.0672379
-1	0.0291797
-1	0.193774
-1	-0.211132
-1	0.00900307
-1	0.136661
-1	0.0631591
-1	-0.0875153
-1	0.0130307
-1	0.145953
-1	-0.139379
-1	-0.102573
-1	0.0572755
1	0.764087
1	0.762519
1	0.806907
1	0.78584
1	0.780582
1	0.466235
1	0.813216
1	0.61822
1	0.726354
1	0.763661
1	0.715429
1	0.8167
1	0.810835
1	0.803078
1	0.708771
1	0.700754
1	0.504362
1	0.554506
1	0.604643
1	0.620409
1	0.433569
1	0.71332
1	0.603326
1	0.523823
1	0.746706
1	0.482487
1	0.565698
1	0.605684
1	0.6255
1	0.385036
1	0.696719
1	0.641993
1	0.754259
1	0.622034
1	0.741147
1	0.696523
1	0.732726
1	0.624103
1	0.717576
1	0.74894
1	0.574946
1	0.714769
1	0.83701
1	0.661361
1	0.744409
1	0.765095
1	0.557468
1	0.82899
1	0.83188
1	0.615777
1	0.627918
1	0.624666
1	0.534604
1	0.716368
1	0.714712
1	0.369692
1	0.757153
1	0.590428
1	0.762526
1	0.660699
1	0.670164
1	0.601591
1	0.715847
1	0.748801
1	0.599913
1	0.857507
1	0.731238
1	0.517924
1	0.655335
1	0.578087
1	0.600294
1	0.496961
1	0.544587
1	0.563987
1	0.511571
1	0.66822
1	0.36961
1	0.590018
1	0.75558
1	0.762509
1	0.74879
1	0.644347
1	0.648404
1	0.711592
1	0.57668
1	0.581539
1	0.597936
1	0.707188
1	0.887436
1	0.655246
1	0.731695
1	0.647141
1	0.776988
1	0.730463
1	0.799075
1	0.696184
1	0.746752
1	0.661267
1	0.703802
1	0.75827
1	0.692404
1	0.77685
1	0.913028
1	0.733568
1	0.611566
1	0.802083
1	0.623709
1	0.740801
1	0.726948
1	0.614276
1	0.559467
1	0.726452
1	0.74159
1	0.75964
1	0.750819
1	0.547029
1	0.789464
1	0.796859
1	0.476758
1	0.645929
1	0.79187
1	0.789727
1	0.600841
1	0.678985
1	0.77901
1	0.658119
1	0.754393
1	0.805817
1	0.672716
1	0.544967
1	0.745925
1	0.65961
1	0.714629
1	0.718326
1	0.751116
1	0.730285
1	0.48536
1	0.716093
1	0.698869
1	0.722996
1	0.558561
1	0.802128
1	0.775418
1	0.782888
1	0.657937
1	0.712791
1	0.434907
1	0.485114
1	0.662072
1	0.505094
1	0.575008
1	0.580654
1	0.758458
1	0.776498
1	0.742463
1	0.869885
1	0.658611
1	0.673777
1	0.886929
1	0.734256
1	0.72649
1	0.643726
1	0.765083
1	0.671146
1	0.561174
1	0.566716
1	0.687902
1	0.784645
1	0.764009
1	0.690895
1	0.628955
1	0.833841
1	0.666716
1	0.410518
1	0.549234
1	0.81609
1	0.826415
1	0.408359
1	0.283579
1	0.794586
1	0.558334
1	0.722073
1	0.820689
1	0.831357
1	0.596028
1	0.745745
1	0.640325
1	0.530188
1	0.66792
1	0.740627
1	0.849353
1	0.705691
1	0.680362
1	0.774192
1	0.616974
1	0.537824
1	0.720746
1	0.778826
1	0.753702
1	0.720985
1	0.807304
1	0.652194
1	0.673621
1	0.643533
1	0.790464
1	0.638424
1	0.655436
1	0.745802
1	0.679916
1	0.688308
1	0.71942
1	0.765377
1	0.535238
1	0.723769
1	0.665582
1	0.715402
1	0.86013
1	0.591461
1	0.812579
1	0.751978
1	0.639768
1	0.711197
1	0.679838
1	0.727095
1	0.833216
1	0.808082
1	0.59019
1	0.671419
1	0.671537
1	0.498755
1	0.673312
1	0.370717
1	0.706589
1	0.738676
1	0.828112
1	0.609121
1	0.727911
1	0.727355
1	0.654073
1	0.619515
1	0.706051
1	0.493831
1	0.71784
1	0.651744
1	0.491848
1	0.704332
1	0.506477
1	0.607259
1	0.596968
1	0.672432
1	0.662087
1	0.544708
1	0.693807
1	0.729151
1	0.642628
1	0.644603
1	0.571226
1	0.665291
1	0.765222
1	0.610968
1	0.687999
1	0.557839
1	0.46269
1	0.879192
1	0.693389
1	0.81019
1	0.791022
1	0.590401
1	0.67467
1	0.63709
1	0.475312
1	0.719845
1	0.478933
1	0.681017
1	0.659093
1	0.609144
1	0.699615
1	0.81117
1	0.669535
1	0.597418
1	0.745498
1	0.554546
1	0.713805
1	0.839051
1	0.793558
1	0.521482
1	0.597467
1	0.747602
1	0.543759
1	0.754674
1	0.720682
1	0.781768
1	0.714551
1	0.714568
1	0.685942
1	0.766681
1	0.721753
1	0.721932
1	0.714053
1	0.558597
-1	0.0963936
-1	-0.000177731
-1	0.115536
-1	0.21138
-1	-0.0430518
-1	0.0119422
-1	-0.16096
-1	-0.0429577
-1	0.168002
-1	-0.0288955
-1	0.140105
-1	-0.0462394
-1	-0.0542187
-1	0.211954
-1	0.258792
-1	-0.0340245
-1	-0.0163419
-1	0.201918
-1	-0.0539667
-1	0.190485
-1	0.127365
-1	0.116058
-1	-0.0741954
-1	0.0980292
-1	-0.152714
-1	-0.00444243
-1	0.0983242
-1	0.0679703
-1	0.0322014
-1	-0.0479941
-1	0.0975864
-1	0.0799074
-1	-0.0313744
-1	-0.0436102
-1	0.249906
-1	-0.0882259
-1	-0.0615942
-1	0.00465813
-1	0.126301
-1	-0.0325025
-1	-0.0880386
-1	0.152525
-1	0.17441
-1	0.372679
-1	-0.177273
-1	0.0760092
-1	0.1132
-1	-0.0179136
-1	0.028276
-1	0.244952
-1	0.122379
-1	-0.226827
-1	-0.0456596
-1	0.0819861
-1	0.0726242
-1	0.0265341
-1	0.255733
-1	0.0845499
-1	-0.0805809
-1	0.0375041
-1	0.233473
-1	0.0763521
-1	0.0888297
-1	0.0731074
-1	0.0524512
-1	0.138693
-1	-0.010462
-1	0.100838
-1	0.110665
-1	0.121357
-1	0.117485
-1	0.0106561
-1	-0.0181477
-1	-0.0837833
-1	0.169383
-1	-0.112401
-1	0.0745226
-1	-0.142765
-1	-0.0677565
-1	0.0605248
-1	0.0347314
-1	0.0713745
-1	0.0639043
-1	-0.103853
-1	-0.0413775
-1	-0.0878167
-1	0.0207003
-1	0.165272
-1	0.0401249
-1	0.240822
-1	0.257833
-1	-0.0309774
-1	-0.116655
-1	-0.130413
-1	-0.0421917
-1	0.0406943
-1	-0.0535308
-1	0.046911
-1	0.00024519
-1	-0.0824045
-1	0.0205346
-1	0.0324753
-1	0.245196
-1	0.028161
-1	-0.177803
-1	-0.0421631
-1	-0.111578
-1	0.100666
-1	-0.0560847
-1	-0.14718
-1	-0.136507
-1	0.121384
-1	-0.0748871
-1	0.0929823
-1	-0.0691781
-1	-0.000952987
-1	0.177712
-1	-0.099504
-1	0.00243118
-1	0.0503998
-1	-0.0897807
-1	0.0357171
-1	-0.0451732
-1	-0.0807922
-1	0.0313616
-1	0.129744
-1	0.139578
-1	0.0496841
-1	-0.0321984
-1	0.0142718
-1	-0.281192
-1	-0.121192
-1	0.0290529
-1	-0.0522765
-1	-0.178395
-1	-0.0734667
-1	-0.00564263
-1	0.0801807
-1	0.0673003
-1	0.252933
-1	0.0604708
-1	0.203391
-1	0.243658
-1	0.294262
-1	0.076684
-1	-0.0446434
-1	0.0583923
-1	-0.080259
-1	-0.0264283
-1	0.0746053
-1	0.134328
-1	0.272278
-1	-0.0431206
-1	0.0743509
-1	0.0664865
-1	0.0176966
-1	-0.0193202
-1	-0.0136941
-1	0.220109
-1	0.191925
-1	-0.119121
-1	-0.0495463
-1	-0.0598634
-1	-0.072236
-1	-0.02003
-1	-0.159425
-1	0.00435404
-1	0.0441947
-1	-0.0546979
-1	0.0585125
-1	-0.0849942
-1	-0.0430536
-1	0.289839
-1	-0.0115248
-1	0.244613
-1	-0.11036
-1	-0.0100619
-1	0.0226246
-1	0.112035
-1	0.131829
-1	0.0466288
-1	-0.103957
-1	-0.164622
-1	0.0650223
-1	-0.176652
-1	0.167818
-1	-0.0511262
-1	0.0108559
-1	-0.115967
-1	0.175227
-1	0.109278
-1	-0.0774401
-1	-0.0763964
-1	0.077279
-1	-0.0436029
-1	-0.243084
-1	0.218185
-1	0.0660354
-1	0.0548969
-1	-0.0308884
-1	-0.0784424
-1	-0.0372524
-1	-0.0983361
-1	0.149932
-1	-0.0606945
-1	-0.067049
-1	0.00500325
-1	-0.0864459
-1	0.138673
-1	0.0574842
-1	-0.0189947
-1	-0.0116984
-1	-0.0798459
-1	0.0546699
-1	-0.0253856
-1	0.0161969
-1	0.153407
-1	0.216613
-1	-0.0425032
-1	-0.0826623
-1	-0.0394868
-1	-0.146568
-1	0.067297
-1	-0.10912
-1	0.12119
-1	0.070823
-1	-0.0823576
-1	-0.134776
-1	0.229438
-1	-0.0109739
-1	-0.0487443
-1	0.0111058
-1	0.232673
-1	-0.0311954
-1	0.138733
-1	1.6807e-05
-1	0.150977
-1	0.150043
-1	-0.0132239
-1	0.106763
-1	-0.04971
-1	0.0352724
-1	-0.193532
-1	-0.0495161
-1	0.156755
-1	0.00388646
-1	0.0407596
-1	0.222181
-1	0.0395404
-1	0.109327
-1	-0.156281
-1	0.097899
-1	0.0529536
-1	0.0760623
-1	-0.00784005
-1	-0.0866945
-1	0.23373
-1	0.0551125
-1	0.292212
-1	-0.0017209
-1	0.0566663
-1	0.106345
-1	0.0965323
-1	-0.0076216
-1	0.0624627
-1	0.158789
-1	-0.0743303
-1	0.09975
-1	-0.0505754
-1	0.119645
-1	-0.0440781
-1	-0.103169
-1	-0.140992
-1	0.16716
-1	0.0208414
-1	-0.0657446
-1	0.0207362
-1	0.167293
-1	-0.0885118
-1	-0.0425617
-1	0.0579209
-1	0.0932329
-1	0.225473
-1	0.104304
-1	-0.0146317
-1	0.0968359
-1	0.0156734
-1	0.0331361
-1	0.0531315
-1	0.0600016
-1	0.152523
-1	0.0280124
-1	-0.0233684
-1	0.222279
-1	-0.0845016
-1	-0.0392276
-1	-0.196197
-1	-0.136454
-1	-0.0101518
-1	-0.0962166
1	0.674884
1	0.75473
1	0.694827
1	0.651485
1	0.730105
1	0.584085
1	0.622752
1	0.897088
1	0.736667
1	0.790823
1	0.771965
1	0.743072
1	0.751569
1	0.690139
1	0.748964
1	0.477544
1	0.486169
1	0.604462
1	0.83622
1	0.854425
1	0.854694
1	0.563094
1	0.581658
1	0.53416
1	0.829058
1	0.790403
1	0.767403
1	0.538413
1	0.454609
1	0.465525
1	0.478571
1	0.687264
1	0.771893
1	0.355885
1	0.479368
1	0.476608
1	0.56458
1	0.681552
1	0.701206
1	0.629662
1	0.74234
1	0.805901
1	0.644461
1	0.876892
1	0.791235
1	0.363249
1	0.69295
1	0.686758
1	0.685013
1	0.770426
1	0.713863
1	0.688283
1	0.713023
1	0.695959
1	0.517196
1	0.661948
1	0.611953
1	0.706706
1	0.7276
1	0.71702
1	0.614412
1	0.547308
1	0.654991
1	0.647194
1	0.685746
1	0.743734
1	0.683473
1	0.310279
1	0.332131
1	0.342744
1	0.368568
1	0.523491
1	0.625309
1	0.582658
1	0.508415
1	0.495246
1	0.729907
1	0.652777
1	0.697675
1	0.692382
1	0.777752
1	0.826568
1	0.667747
1	0.659543
1	0.789977
1	0.700212
1	0.75647
1	0.675362
1	0.539637
1	0.663024
1	0.636195
1	0.745177
1	0.749753
1	0.739557
1	0.661906
1	0.677955
1	0.646666
1	0.709323
1	0.745273
1	0.416852
1	0.853812
1	0.494974
1	0.861554
1	0.602278
1	0.592911
1	0.659215
1	0.725628
1	0.540764
1	0.806038
1	0.702241
1	0.52562
1	0.646761
1	0.827067
1	0.790894
1	0.772963
1	0.796413
1	0.733468
1	0.853344
1	0.82869
1	0.873673
1	0.81826
1	0.796001
1	0.714905
1	0.85073
1	0.5983
1	0.567238
1	0.565875
1	0.552577
1	0.57752
1	0.519937
1	0.676899
1	0.446662
1	0.764788
1	0.762561
1	0.765874
1	0.608292
1	0.549635
1	0.806166
1	0.542345
1	0.776001
1	0.582574
1	0.524982
1	0.510706
1	0.551571
1	0.381502
1	0.577125
1	0.516281
1	0.89094
1	0.839123
1	0.815102
1	0.719522
1	0.767964
1	0.471833
1	0.586131
1	0.781547
1	0.763767
1	0.759707
1	0.785094
1	0.609163
1	0.732975
1	0.607699
1	0.706201
1	0.694494
1	0.94196
1	0.721538
1	0.717132
1	0.795231
1	0.882042
1	0.784462
1	0.891821
1	0.671344
1	0.667795
1	0.612393
1	0.73848
1	0.797023
1	0.781834
1	0.870528
1	0.770246
1	0.686275
1	0.670866
1	0.816835
1	0.716488
1	0.894505
1	0.568531
1	0.73103
1	0.783751
1	0.766961
1	0.688566
1	0.661077
1	0.64146
1	0.756958
1	0.647442
1	0.685186
1	0.610547
1	0.688096
1	0.562573
1	0.756637
1	0.685166
1	0.683651
1	0.743913
1	0.654008
1	0.718095
1	0.714585
1	0.578023
1	0.755095
1	0.648751
1	0.70175
1	0.690641
1	0.654429
1	0.698975
1	0.576515
1	0.678793
1	0.867687
1	0.451011
1	0.846855
1	0.912171
1	0.458371
1	0.644971
1	0.811731
1	0.663804
1	0.609986
1	0.626397
1	0.735629
1	0.717041
1	0.73822
1	0.734773
1	0.62615
1	0.752661
1	0.712546
1	0.746686
1	0.573864
1	0.542526
1	0.696158
1	0.690203
1	0.65712
1	0.822669
1	0.738518
1	0.826735
1	0.558819
1	0.8769
1	0.715928
1	0.594267
1	0.714191
1	0.634941
1	0.60608
1	0.736713
1	0.718483
1	0.586684
1	0.527811
1	0.593197
1	0.547964
1	0.644742
1	0.730231
1	0.744066
1	0.719896
1	0.834059
1	0.701431
1	0.908313
1	0.769175
1	0.705234
1	0.811941
1	0.48552
1	0.723951
1	0.624013
1	0.61502
1	0.483908
1	0.702364
1	0.617915
1	0.668327
1	0.776863
1	0.739545
1	0.686102
1	0.796862
1	0.494229
1	0.733196
1	0.756378
1	0.802832
1	0.761215
1	0.60819
1	0.737311
1	0.454331
1	0.695618
1	0.748888
1	0.655323
1	0.520058
1	0.74992
1	0.722092
1	0.643425
1	0.799389
1	0.748489
1	0.665294
1	0.782834
1	0.555296
1	0.758709
1	0.716992
1	0.74751
1	0.839034
1	0.752438
1	0.664421
1	0.651541
-1	0.11635
-1	0.0353589
-1	-0.101202
-1	0.117474
-1	0.212908
-1	0.0789849
-1	-0.0404448
-1	0.0673208
-1	0.214929
-1	-0.0645694
-1	-0.0839738
-1	0.0993335
-1	0.0185525
-1	-0.10885
-1	-0.058917
-1	0.148447
-1	-0.0938153
-1	0.0229495
-1	0.0433731
-1	-0.0393467
-1	0.0251304
-1	-0.0702396
-1	0.08813
-1	-0.067901
-1	0.0465246
-1	-0.0741558
-1	0.0504771
-1	0.00296265
-1	0.0521943
-1	0.21358
-1	-0.0730782
-1	-0.138181
-1	-0.00912973
-1	0.010529
-1	-0.0540043
-1	-0.0711686
-1	-0.0356435
-1	0.268299
-1	-0.0684902
-1	-0.072877
-1	0.15352
-1	0.110289
-1	0.0561437
-1	0.0538252
-1	0.0837212
-1	-0.118134
-1	0.0713449
-1	0.0895833
-1	-0.0211325
-1	-0.0247474
-1	-0.0384732
-1	-0.117846
-1	-0.0712951
-1	0.259464
-1	0.328427
-1	-0.122565
-1	0.144174
-1	-0.130719
-1	0.0358142
-1	-0.0817674
-1	0.0782151
-1	0.237808
-1	0.122533
-1	0.0284155
-1	-0.111069
-1	0.319479
-1	0.0216442
-1	0.110869
-1	-0.0987906
-1	-0.0304476
-1	0.0395878
-1	-0.0904265
-1	0.0100963
-1	0.278333
-1	-0.101059
-1	-0.0785846
-1	-0.00406939
-1	-0.05145
-1	-0.00899288
-1	0.158669
-1	-0.00974677
-1	0.0632482
-1	0.0474099
-1	-0.0116843
-1	0.0885713
-1	0.146872
-1	0.157428
-1	-0.0383887
-1	0.0287728
-1	0.11288
-1	0.193629
-1	0.104246
-1	-0.0720609
-1	0.182483
-1	-0.113232
-1	0.0852217
-1	0.0326984
-1	-0.128854
-1	0.0236889
-1	0.139579
-1	0.218692
-1	0.0768844
-1	0.193563
-1	0.175173
-1	0.20386
-1	0.0255423
-1	-0.0721689
-1	0.37277
-1	-0.12795
-1	0.214335
-1	-0.0216814
-1	0.0359249
-1	-0.147845
-1	-0.0803748
-1	-0.0108859
-1	0.149312
-1	0.0741498
-1	0.0561211
-1	0.120505
-1	0.309525
-1	0.102381
-1	0.0373738
-1	-0.0433061
-1	0.0973744
-1	0.128442
-1	-0.0672616
-1	0.0466469
-1	-0.0170864
-1	0.0663111
-1	0.0393754
-1	0.0671793
-1	0.137635
-1	0.234743
-1	0.216618
-1	0.040718
-1	-0.0521885
-1	-0.0137078
-1	0.0203844
-1	-0.101154
-1	0.126597
-1	-0.114437
-1	-0.126713
-1	0.138906
-1	-0.0971798
-1	0.0676594
-1	-0.0807931
-1	0.0106814
-1	0.230744
-1	0.274616
-1	0.0159858
-1	0.0388805
-1	0.0310429
-1	-0.0913131
-1	-0.0595187
-1	-0.116752
-1	0.0421569
-1	0.059333
-1	-0.021168
-1	0.0510504
-1	0.311759
-1	0.145144
-1	-0.0207494
-1	-0.229124
-1	0.142875
-1	-0.0322126
-1	-0.0363449
-1	0.0750542
-1	0.0254084
-1	0.0644984
-1	0.0983695
-1	0.108141
-1	0.120568
-1	0.229181
-1	0.0823975
-1	-0.00356113
-1	0.272683
-1	-0.0779882
-1	-0.131345
-1	0.0748502
-1	-0.0772998
-1	-0.00358406
-1	0.0337374
-1	0.0833244
-1	0.0265757
-1	-0.154342
-1	-0.114462
-1	0.0641132
-1	-0.0351863
-1	0.0422875
-1	0.267508
-1	0.00102944
-1	-0.0969883
-1	-0.215835
-1	0.156985
-1	0.0374122
-1	0.0916378
-1	0.295733
-1	0.121509
-1	-0.0171104
-1	0.0936921
-1	0.136556
-1	0.140592
-1	0.0347912
-1	0.112112
-1	-0.0670866
-1	0.0751192
-1	-0.0280958
-1	-0.00706985
-1	-0.132159
-1	0.0187518
-1	0.0340465
-1	0.0415904
-1	-0.02845
-1	0.0471476
-1	-0.0263888
-1	0.0457707
-1	-0.0644057
-1	0.0534296
-1	-0.177008
-1	-0.00238783
-1	0.171266
-1	0.256356
-1	-0.00829181
-1	-0.118753
-1	0.104076
-1	-0.140004
-1	0.287915
-1	-0.0164843
-1	0.080393
-1	-0.0429028
-1	0.0448354
-1	-0.076717
-1	-0.11221
-1	0.0439707
-1	-0.0430376
-1	0.0374162
-1	0.0884085
-1	-0.135868
-1	-0.019798
-1	-0.0407456
-1	-0.181764
-1	0.165866
-1	0.0163933
-1	0.0739081
-1	0.0786237
-1	0.214828
-1	0.115855
-1	0.036718
-1	0.0188421
-1	0.211538
-1	0.0809737
-1	-0.0570886
-1	0.17966
-1	0.25072
-1	0.184884
-1	-0.0239938
-1	-0.0598018
-1	0.111121
-1	0.0491286
-1	-0.13982
-1	0.0357678
-1	-0.00594382
-1	0.13935
-1	0.134316
-1	0.119266
-1	0.134591
-1	0.0235035
-1	-0.13958
-1	-0.0421624
-1	-0.0821605
-1	0.0164446
-1	0.0355606
-1	-0.0620551
-1	0.0861092
-1	-0.0700491
-1	-0.057724
-1	0.157983
-1	0.00828553
-1	0.0134504
-1	-0.0309728
-1	0.107585
-1	0.0919604
-1	0.15498
-1	0.171436
-1	-0.0168004
-1	-0.00777143
-1	-0.0212842
-1	0.0186389
-1	-0.00337911
-1	0.00953439
-1	-0.08597
-1	0.174132
-1	-0.0550987
-1	0.0997624
-1	0.122907
-1	0.161057
-1	0.0170471
-1	0.0220794
-1	-0.13702
-1	-0.0639706
1	0.672164
1	0.51199
1	0.596114
1	0.713373
1	0.557049
1	0.756004
1	0.76842
1	0.671348
1	0.721684
1	0.751298
1	0.686896
1	0.737066
1	0.501418
1	0.535438
1	0.703523
1	0.697615
1	0.751271
1	0.557232
1	0.520001
1	0.512176
1	0.605778
1	0.581721
1	0.728233
1	0.684355
1	0.761338
1	0.676856
1	0.709784
1	0.683484
1	0.667969
1	0.615831
1	0.587093
1	0.555521
1	0.616519
1	0.513949
1	0.592909
1	0.657471
1	0.82126
1	0.791796
1	0.637881
1	0.713458
1	0.759421
1	0.815915
1	0.613981
1	0.316136
1	0.708624
1	0.483795
1	0.615819
1	0.9048
1	0.754976
1	0.607084
1	0.716243
1	0.365075
1	0.793044
1	0.457834
1	0.641557
1	0.596378
1	0.713604
1	0.675226
1	0.705254
1	0.746293
1	0.811156
1	0.0420583
1	0.682878
1	0.667831
1	0.504622
1	0.672623
1	0.74108
1	0.683376
1	0.707748
1	0.596958
1	0.705039
1	0.505087
1	0.624552
1	0.611018
1	0.688331
1	0.597664
1	0.69463
1	0.742794
1	0.424261
1	0.568434
1	0.58063
1	0.606083
1	0.580283
1	0.578256
1	0.79321
1	0.804885
1	0.73829
1	0.527051
1	0.85948
1	0.870794
1	0.907349
1	0.779679
1	0.784791
1	0.893001
1	0.567862
1	0.732649
1	0.742189
1	0.734643
1	0.646069
1	0.635085
1	0.638169
1	0.899625
1	0.747083
1	0.582816
1	0.924793
1	0.672265
1	0.533557
1	0.565592
1	0.832714
1	0.724
1	0.77288
1	0.627201
1	0.687558
1	0.663623
1	0.685116
1	0.775642
1	0.866725
1	0.577718
1	0.542525
1	0.439738
1	0.821362
1	0.852017
1	0.455967
1	0.654579
1	0.681674
1	0.492088
1	0.687399
1	0.709393
1	0.584852
1	0.688684
1	0.659553
1	0.343238
1	0.436148
1	0.704992
1	0.805351
1	0.773445
1	0.596904
1	0.619064
1	0.664693
1	0.831621
1	0.687503
1	0.775293
1	0.844632
1	0.728472
1	0.506907
1	0.785359
1	0.69547
1	0.598427
1	0.694609
1	0.588788
1	0.508263
1	0.705289
1	0.745353
1	0.78215
1	0.791965
1	0.783711
1	0.72831
1	0.636692
1	0.600748
1	0.719667
1	0.69829
1	0.834531
1	0.725665
1	0.84272
1	0.724773
1	0.640377
1	0.857626
1	0.62568
1	0.561814
1	0.479096
1	0.62244
1	0.622601
1	0.70099
1	0.665682
1	0.678149
1	0.664418
1	0.725077
1	0.681953
1	0.450017
1	0.54351
1	0.418164
1	0.558472
1	0.749919
1	0.770158
1	0.872577
1	0.826069
1	0.627692
1	0.74021
1	0.691123
1	0.631132
1	0.5715
1	0.646168
1	0.740831
1	0.779195
1	0.762737
1	0.674668
1	0.53051
1	0.851355
1	0.764744
1	0.83389
1	0.673959
1	0.924942
1	0.758135
1	0.853665
1	0.58508
1	0.658825
1	0.356588
1	0.277327
1	0.494604
1	0.25374
1	0.94585
1	0.60001
1	0.682185
1	0.784641
1	0.76901
1	0.726795
1	0.591826
1	0.671052
1	0.677518
1	0.641625
1	0.569245
1	0.68459
1	0.67871
1	0.642059
1	0.733811
1	0.742053
1	0.622434
1	0.650212
1	0.721089
1	0.728642
1	0.720516
1	0.754725
1	0.955379
1	0.713674
1	0.710799
1	0.65214
1	0.61698
1	0.774208
1	0.713451
1	0.665675
1	0.440984
1	0.565859
1	0.438699
1	0.512184
1	0.533875
1	0.689061
1	0.660225
1	0.654217
1	0.49477
1	0.712478
1	0.706286
1	0.578518
1	0.650635
1	0.78257
1	0.577582
1	0.497885
1	0.645718
1	0.610636
1	0.743799
1	0.630387
1	0.778351
1	0.72179
1	0.920572
1	0.764144
1	0.628787
1	0.662872
1	0.80488
1	0.43372
1	0.801991
1	0.654344
1	0.677462
1	0.572691
1	0.547725
1	0.563187
1	0.664718
1	0.533307
1	0.5711
1	0.711122
1	0.72708
1	0.724889
1	0.616627
1	0.537524
1	0.622527
1	0.776063
1	0.770683
1	0.769307
1	0.775741
1	0.752208
1	0.633284
1	0.747797
1	0.781638
1	0.947077
1	0.80889
1	0.711074
1	0.756926
1	0.698951
1	0.710343
1	0.720896
1	0.753949
1	0.722931
-1	0.123524
-1	0.0813888
-1	-0.0352763
-1	0.155416
-1	0.159369
-1	-0.0563775
-1	-0.0561721
-1	-0.0423349
-1	-0.0140326
-1	0.0583289
-1	0.0762617
-1	-0.0209181
-1	-0.0502669
-1	0.00838371
-1	-0.0278977
-1	-0.169933
-1	0.0784335
-1	0.0472842
-1	0.196992
-1	0.141704
-1	-0.012082
-1	-0.0547417
-1	0.123222
-1	0.179839
-1	-0.0776581
-1	-0.169626
-1	-0.000543354
-1	-0.0172248
-1	0.138042
-1	0.0289303
-1	0.0156521
-1	0.0750591
-1	0.000192248
-1	0.263723
-1	0.103881
-1	-0.0437526
-1	-0.0199153
-1	0.0303851
-1	-0.0466191
-1	-0.0111451
-1	-0.0716103
-1	-0.0720872
-1	0.000990102
-1	0.122988
-1	0.0556889
-1	0.073499
-1	-0.0183337
-1	-0.0772878
-1	0.107266
-1	0.185703
-1	-0.09643
-1	0.0385897
-1	0.0476606
-1	0.128638
-1	0.114057
-1	0.0197006
-1	0.170765
-1	0.0234942
-1	0.186771
-1	-0.0725358
-1	0.0519834
-1	0.180794
-1	-0.101473
-1	0.11848
-1	0.0855353
-1	-0.0971015
-1	0.0186892
-1	0.0379306
-1	-0.0650382
-1	0.0923093
-1	0.177727
-1	0.0578093
-1	-0.0340811
-1	0.11828
-1	0.149854
-1	0.0445212
-1	-0.127319
-1	0.00896607
-1	0.171366
-1	-0.0459554
-1	-0.0630788
-1	0.0304315
-1	0.155923
-1	0.235877
-1	0.168646
-1	0.0593512
-1	0.0034763
-1	-0.241123
-1	0.249151
-1	-0.131615
-1	-0.0987034
-1	0.0608381
-1	-0.122647
-1	0.154957
-1	-0.155695
-1	-0.256937
-1	0.0359731
-1	0.00417669
-1	0.048725
-1	0.0240977
-1	0.0149161
-1	0.0553823
-1	0.0966607
-1	0.0416617
-1	0.145559
-1	0.143024
-1	0.00113849
-1	0.134891
-1	-0.0861444
-1	0.0703349
-1	0.0333032
-1	0.155643
-1	0.0680042
-1	-0.00206889
-1	0.102136
-1	-0.0864762
-1	0.0688626
-1	0.059918
-1	0.105562
-1	-0.0478278
-1	-0.143989
-1	0.0793073
-1	-0.0408715
-1	-0.0320655
-1	0.260449
-1	0.0649694
-1	-0.0448042
-1	-0.11216
-1	0.0879639
-1	0.276991
-1	0.0720187
-1	-0.0390348
-1	0.13688
-1	0.0552436
-1	-0.021185
-1	-0.0851492
-1	0.00938563
-1	-0.0936654
-1	0.0531566
-1	0.248513
-1	0.0310202
-1	0.165133
-1	0.0703034
-1	-0.119661
-1	0.0580753
-1	0.169752
-1	-0.067042
-1	0.0605823
-1	0.173088
-1	0.0467169
-1	0.0115143
-1	0.0652274
-1	-0.0941303
-1	-0.0415728
-1	0.076139
-1	-0.0280766
-1	0.00259311
-1	0.0302114
-1	0.0798506
-1	-0.0123465
-1	0.126467
-1	0.025525
-1	0.124144
-1	0.11076
-1	0.0045495
-1	-0.059822
-1	-0.0449533
-1	-0.0173194
-1	-0.0976794
-1	0.015884
-1	0.106408
-1	-0.0967303
-1	0.151276
-1	0.172748
-1	-0.10529
-1	-0.0653548
-1	0.0759202
-1	-0.10654
-1	0.0786655
-1	-0.229334
-1	-0.0182334
-1	-0.0460436
-1	0.0372344
-1	0.00330767
-1	0.15464
-1	0.0807318
-1	-0.0541476
-1	-0.0749284
-1	0.0387332
-1	-0.0019674
-1	0.101773
-1	-0.022593
-1	0.0968831
-1	0.0718787
-1	-0.0246867
-1	-0.0509001
-1	0.0631561
-1	0.223301
-1	0.246392
-1	0.071574
-1	-0.0167382
-1	-0.0305505
-1	-0.0660024
-1	0.160238
-1	-0.0175584
-1	0.0330801
-1	0.0910479
-1	0.113995
-1	0.162662
-1	-0.0913289
-1	-0.145043
-1	-0.0987723
-1	-0.0543821
-1	0.0392992
-1	-0.00496679
-1	0.0245571
-1	-0.0195965
-1	0.0169835
-1	-0.184922
-1	-0.101111
-1	0.145024
-1	0.139391
-1	-0.0139331
-1	0.0143829
-1	0.23347
-1	0.085365
-1	0.205175
-1	-0.0105166
-1	-0.113772
-1	0.0381094
-1	-0.0493198
-1	0.149303
-1	0.311841
-1	-0.0136564
-1	-0.12151
-1	0.129301
-1	-0.080868
-1	0.150436
-1	0.0551292
-1	-0.0764019
-1	0.06043
-1	0.0859682
-1	0.0103814
-1	-0.122533
-1	0.206593
-1	0.0567031
-1	0.033032
-1	-0.0327848
-1	0.149967
-1	-0.0332718
-1	0.157466
-1	-0.0823653
-1	0.00236341
-1	0.137061
-1	-0.04702
-1	0.241018
-1	-0.00491479
-1	0.121253
-1	0.0857139
-1	0.197675
-1	0.161377
-1	0.115456
-1	0.0463737
-1	-0.0319658
-1	-0.116458
-1	0.178024
-1	-0.0243598
-1	0.0843274
-1	0.0342204
-1	-0.0687801
-1	0.0357862
-1	0.249004
-1	0.157077
-1	0.0019687
-1	-0.0350322
-1	-0.116448
-1	0.149073
-1	0.0317852
-1	0.0323979
-1	0.15211
-1	0.00429727
-1	-0.00237693
-1	0.106127
-1	0.000587366
-1	-0.141315
-1	0.0941766
-1	0.0717245
-1	0.0100182
-1	0.0709019
-1	0.131542
-1	0.011198
-1	-0.0333257
-1	0.130379
-1	0.142414
-1	0.0331286
-1	0.148896
-1	0.060172
-1	0.0086871
-1	0.0947623
-1	0.054768
1	0.744667
1	0.546174
1	0.580871
1	0.74531
1	0.666582
1	0.697404
1	0.743168
1	0.731404
1	0.70652
1	0.581237
1	0.729589
1	0.629523
1	0.736108
1	0.796215
1	0.591988
1	0.717388
1	0.795497
1	0.723315
1	0.436973
1	0.560992
1	0.65219
1	0.71384
1	0.57326
1	0.537501
1	0.534489
1	0.631907
1	0.560918
1	0.543039
1	0.60612
1	0.681382
1	0.761311
1	0.754609
1	0.740197
1	0.460639
1	0.519163
1	0.864967
1	0.605847
1	0.370733
1	0.534597
1	0.70662
1	0.57349
1	0.631705
1	0.777002
1	0.562095
1	0.661085
1	0.583213
1	0.596674
1	0.719196
1	0.766253
1	0.699061
1	0.890141
1	0.686869
1	0.673807
1	0.757245
1	0.599863
1	0.700481
1	0.653842
1	0.817008
1	0.742078
1	0.57892
1	0.683968
1	0.679838
1	0.757072
1	0.544536
1	0.627192
1	0.707295
1	0.887371
1	0.609666
1	0.597291
1	0.674751
1	0.850273
1	0.683802
1	0.651041
1	0.713021
1	0.872003
1	0.677907
1	0.747693
1	0.755001
1	0.722784
1	0.71469
1	0.777484
1	0.604258
1	0.597961
1	0.48068
1	0.528925
1	0.610634
1	0.601771
1	0.691939
1	0.672697
1	0.544482
1	0.671472
1	0.604988
1	0.617798
1	0.724769
1	0.845325
1	0.650769
1	0.575763
1	0.699378
1	0.0804078
1	0.593557
1	0.636214
1	0.712033
1	0.661774
1	0.631208
1	0.495999
1	0.517918
1	0.610751
1	0.562324
1	0.803408
1	0.708289
1	0.650552
1	0.766156
1	0.79188
1	0.698588
1	0.796705
1	0.676039
1	0.696496
1	0.807121
1	0.723459
1	0.576828
1	0.595072
1	0.40884
1	0.541152
1	0.632144
1	0.825207
1	0.781172
1	0.829619
1	0.78877
1	0.710094
1	0.788808
1	0.849163
1	0.778492
1	0.806556
1	0.538688
1	0.728602
1	0.676071
1	0.535969
1	0.649736
1	0.609744
1	0.64543
1	0.764555
1	0.601634
1	0.629958
1	0.627356
1	0.662656
1	0.563568
1	0.61322
1	0.775129
1	0.767972
1	0.795693
1	0.200406
1	0.171513
1	0.61918
1	0.608254
1	0.630992
1	0.614804
1	0.657617
1	0.65251
1	0.567228
1	0.656328
1	0.696585
1	0.817544
1	0.63321
1	0.689913
1	0.568612
1	0.692392
1	0.783111
1	0.84167
1	0.738294
1	0.769795
1	0.804772
1	0.833332
1	0.8107
1	0.65295
1	0.785271
1	0.678969
1	0.665467
1	0.738094
1	0.642171
1	0.841501
1	0.714567
1	0.672013
1	0.676015
1	0.282056
1	0.604183
1	0.72534
1	0.612403
1	0.594386
1	0.722811
1	0.755492
1	0.455092
1	0.672412
1	0.810736
1	0.619322
1	0.586893
1	0.670742
1	0.489796
1	0.54977
1	0.65487
1	0.528846
1	0.484399
1	0.602902
1	0.831519
1	0.80681
1	0.789812
1	0.607236
1	0.681527
1	0.770875
1	0.765619
1	0.214571
1	0.891845
1	0.842379
1	0.716637
1	0.849669
1	0.781645
1	0.488315
1	0.439262
1	0.63194
1	0.647934
1	0.811386
1	0.827339
1	0.786054
1	0.77948
1	0.661108
1	0.755525
1	0.601915
1	0.797133
1	0.577606
1	0.511638
1	0.743929
1	0.471677
1	0.663399
1	0.726818
1	0.784805
1	0.677035
1	0.776427
1	0.759231
1	0.745144
1	0.714736
1	0.674765
1	0.735564
1	0.490957
1	0.795332
1	0.751813
1	0.517478
1	0.730129
1	0.717755
1	0.707282
1	0.657643
1	0.582723
1	0.575887
1	0.787503
1	0.657973
1	0.73318
1	0.756707
1	0.678883
1	0.673817
1	0.825701
1	0.560411
1	0.525211
1	0.692663
1	0.372132
1	0.645522
1	0.765277
1	0.79216
1	0.749191
1	0.682271
1	0.744231
1	0.713326
1	0.612672
1	0.564158
1	0.819496
1	0.637866
1	0.535141
1	0.439227
1	0.541485
1	0.502704
1	0.592474
1	0.703777
1	0.826848
1	0.495173
1	0.89331
1	0.870296
1	0.560622
1	0.673398
1	0.648962
1	0.745449
1	0.766205
1	0.795753
1	0.687923
1	0.690812
1	0.680843
1	0.660507
1	0.796645
1	0.777829
1	0.805495
1	0.765266
1	0.811463
1	0.213295
1	0.708024
-1	0.0438266
-1	0.0576588
-1	0.0728847
-1	0.0553731
-1	0.0931485
-1	-0.0209485
-1	0.0703373
-1	0.124007
-1	0.000707697
-1	-0.068853
-1	0.43358
-1	-0.0482828
-1	0.0161237
-1	0.0187479
-1	0.00148803
-1	0.154158
-1	0.15779
-1	0.141513
-1	-0.0296154
-1	0.0586745
-1	0.0273155
-1	0.0741706
-1	-0.134364
-1	-0.0696093
-1	0.188859
-1	-0.0220629
-1	0.0798927
-1	0.10636
-1	0.236166
-1	-0.00824769
-1	-0.0737548
-1	0.0833278
-1	0.0970543
-1	0.121797
-1	-0.0274719
-1	0.0820237
-1	0.204223
-1	0.170855
-1	0.0461672
-1	0.0866789
-1	0.0577395
-1	-0.0306663
-1	0.0280481
-1	-0.0775884
-1	-0.0344734
-1	-0.203034
-1	0.357639
-1	0.0446793
-1	-0.106911
-1	0.0710959
-1	-0.0260793
-1	-0.181636
-1	-0.101444
-1	0.00172898
-1	0.0524808
-1	-0.0150076
-1	0.0122437
-1	0.0634839
-1	0.367093
-1	0.0713905
-1	0.0217799
-1	0.0990337
-1	0.110805
-1	-0.0173737
-1	-0.0401636
-1	0.0647886
-1	0.0826013
-1	0.00375478
-1	-0.0804939
-1	0.152597
-1	-0.142167
-1	0.0619127
-1	0.15026
-1	0.0805876
-1	0.150216
-1	-0.0824739
-1	0.141408
-1	0.0562379
-1	0.193315
-1	0.10697
-1	-0.0944599
-1	-0.00259464
-1	-0.0821655
-1	0.150582
-1	0.0844735
-1	0.0171195
-1	0.0458292
-1	0.0473966
-1	0.0337087
-1	0.0613164
-1	-0.0566282
-1	0.100232
-1	0.0534104
-1	0.192033
-1	-0.0265907
-1	-0.144366
-1	0.13697
-1	0.0456499
-1	0.0907629
-1	-0.0950477
-1	-0.0757083
-1	0.0359693
-1	0.0166347
-1	0.00857686
-1	-0.0698419
-1	0.209731
-1	-0.00669041
-1	-0.00904108
-1	-0.0149765
-1	0.183439
-1	0.0398887
-1	0.148442
-1	-0.0224672
-1	-0.119249
-1	0.176523
-1	0.0671364
-1	0.0439848
-1	0.0170733
-1	0.0878007
-1	0.0318929
-1	-0.0324908
-1	-0.0414611
-1	0.167408
-1	0.0282492
-1	0.18274
-1	-0.052194
-1	-0.0361454
-1	0.0168188
-1	0.0517897
-1	-0.0338844
-1	0.175217
-1	-0.0527759
-1	0.120074
-1	0.177213
-1	0.166395
-1	-0.177181
-1	-0.0367375
-1	-0.0680873
-1	-0.0697185
-1	0.0527499
-1	-0.11783
-1	0.0231836
-1	0.242087
-1	0.0916193
-1	-0.0747857
-1	0.0469748
-1	0.0299419
-1	0.079025
-1	0.243659
-1	0.0246979
-1	-0.17758
-1	-0.0229883
-1	-0.0220559
-1	-0.0545493
-1	0.21607
-1	0.109813
-1	0.0996045
-1	0.0488859
-1	0.19842
-1	-0.0133166
-1	0.152498
-1	0.00601836
-1	0.0795355
-1	0.133582
-1	0.113969
-1	-0.0136313
-1	0.0931654
-1	0.0554765
-1	-0.150889
-1	-0.0259017
-1	0.0205352
-1	0.117591
-1	0.0906299
-1	-0.0509356
-1	0.0522211
-1	0.0237091
-1	0.197328
-1	0.0269198
-1	-0.0312242
-1	0.00301401
-1	0.0815012
-1	-0.151016
-1	-0.136614
-1	0.0310958
-1	0.183641
-1	0.0335823
-1	0.0582293
-1	0.081829
-1	0.0681555
-1	-0.071346
-1	-0.0475039
-1	0.036257
-1	0.0354992
-1	0.160231
-1	0.0928923
-1	0.111167
-1	0.0516006
-1	0.0440782
-1	0.205111
-1	0.079627
-1	-0.107837
-1	-0.0228332
-1	-0.0642234
-1	0.0396966
-1	-0.0260601
-1	0.133946
-1	0.00165728
-1	-0.00691258
-1	0.0774875
-1	0.0777044
-1	0.0336976
-1	-0.0173299
-1	0.12313
-1	0.0240807
-1	0.0160465
-1	-0.12829
-1	-0.0513032
-1	0.144916
-1	0.024185
-1	0.0321928
-1	0.0909062
-1	0.203697
-1	-0.00798185
-1	-0.127155
-1	0.0571164
-1	0.147266
-1	0.0856166
-1	-0.000347984
-1	0.0788074
-1	0.0119163
-1	-0.127499
-1	-0.0218589
-1	-0.0549917
-1	0.0170778
-1	-0.0473176
-1	0.00998685
-1	0.135998
-1	-0.0148147
-1	-0.107603
-1	-0.00991766
-1	0.185481
-1	0.13254
-1	0.0719545
-1	0.111721
-1	-0.0600406
-1	-0.0711858
-1	0.191668
-1	0.112745
-1	0.144259
-1	0.0823138
-1	0.0774034
-1	-0.137451
-1	0.0332393
-1	-0.115425
-1	0.0291366
-1	0.151499
-1	-0.0036199
-1	-0.104072
-1	0.0686064
-1	0.16885
-1	0.0997299
-1	-0.0162372
-1	0.0109334
-1	0.256817
-1	-0.0424562
-1	-0.00711913
-1	-0.127579
-1	0.133301
-1	0.13546
-1	-0.00241625
-1	0.0497859
-1	-0.0914224
-1	-0.0324102
-1	0.0907843
-1	0.125395
-1	0.175053
-1	0.222758
-1	-0.101662
-1	-0.0772977
-1	0.0705719
-1	-0.0188115
-1	0.179081
-1	0.173211
-1	0.191078
-1	0.223579
-1	0.0889446
-1	0.195597
-1	0.0298703
-1	-0.00540534
-1	-0.0971989
-1	-0.0237095
-1	-0.0651885
-1	0.043604
-1	-0.0847175
-1	-0.0630547
-1	0.0541529
-1	0.127551
-1	-0.00407925
-1	-0.0589261
-1	0.00441795
1	0.550593
1	0.657616
1	0.695979
1	0.722042
1	0.782291
1	0.844775
1	0.684252
1	0.708125
1	0.690987
1	0.664534
1	0.742346
1	0.596361
1	0.592361
1	0.556539
1	0.844114
1	0.578192
1	0.585714
1	0.542461
1	0.774904
1	0.760451
1	0.55483
1	0.6991
1	0.835521
1	0.558134
1	0.638195
1	0.458145
1	0.722154
1	0.5759
1	0.508294
1	0.780065
1	0.5102
1	0.593412
1	0.789026
1	0.733964
1	0.716259
1	0.680878
1	0.800323
1	0.703669
1	0.706166
1	0.703997
1	0.74169
1	0.74767
1	0.897666
1	0.828414
1	0.792292
1	0.525115
1	0.694002
1	0.581236
1	0.575726
1	0.714208
1	0.795801
1	0.662958
1	0.802146
1	0.710655
1	0.670525
1	0.763798
1	0.815993
1	0.550827
1	0.600386
1	0.624522
1	0.638962
1	0.710729
1	0.65488
1	0.650936
1	0.593542
1	0.658924
1	0.773239
1	0.614359
1	0.555419
1	0.746601
1	0.637965
1	0.474551
1	0.659832
1	0.547406
1	0.66891
1	0.6462
1	0.742425
1	0.590208
1	0.778594
1	0.750637
1	0.767261
1	0.477506
1	0.496569
1	0.589194
1	0.744364
1	0.648341
1	0.734526
1	0.84869
1	0.867665
1	0.712048
1	0.780416
1	0.743207
1	0.729849
1	0.616392
1	0.663127
1	0.804424
1	0.724483
1	0.659633
1	0.548752
1	0.732248
1	0.789722
1	0.543452
1	0.549359
1	0.671417
1	0.583997
1	0.578379
1	0.661495
1	0.628129
1	0.640094
1	0.626057
1	0.550451
1	0.608018
1	0.555502
1	0.563864
1	0.612007
1	0.533509
1	0.806451
1	0.677547
1	0.621419
1	0.685659
1	0.662207
1	0.603973
1	0.671012
1	0.690131
1	0.747913
1	0.719257
1	0.658596
1	0.592257
1	0.558641
1	0.83148
1	0.601317
1	0.79944
1	0.65
1	0.801344
1	0.872478
1	0.791132
1	0.571543
1	0.6664
1	0.755727
1	0.615018
1	0.750071
1	0.623417
1	0.696912
1	0.662078
1	0.541785
1	0.653165
1	0.8051
1	0.772256
1	0.725356
1	0.736563
1	0.675506
1	0.715609
1	0.70628
1	0.775421
1	0.447016
1	0.459009
1	0.654729
1	0.694046
1	0.842776
1	0.442193
1	0.429152
1	0.781489
1	0.805569
1	0.728571
1	0.749897
1	0.358489
1	0.656601
1	0.475087
1	0.578246
1	0.748191
1	0.721382
1	0.671927
1	0.673965
1	0.582548
1	0.733316
1	0.863709
1	0.668144
1	0.733893
1	0.737456
1	0.511461
1	0.681251
1	0.750143
1	0.564816
1	0.604926
1	0.711319
1	0.590622
1	0.515577
1	0.574925
1	0.641032
1	0.769097
1	0.752114
1	0.724743
1	0.751019
1	0.622707
1	0.706569
1	0.702142
1	0.852995
1	0.58073
1	0.633475
1	0.616751
1	0.644479
1	0.551761
1	0.804971
1	0.758718
1	0.906901
1	0.859987
1	0.600569
1	0.613632
1	0.682236
1	0.728327
1	0.693732
1	0.735587
1	0.723315
1	0.686393
1	0.921234
1	0.937115
1	0.919745
1	0.871777
1	0.747308
1	0.644705
1	0.727712
1	0.788825
1	0.697193
1	0.760394
1	0.640852
1	0.555631
1	0.639523
1	0.628977
1	0.82981
1	0.576113
1	0.871285
1	0.797964
1	0.670891
1	0.6874
1	0.869912
1	0.769923
1	0.836748
1	0.707418
1	0.728727
1	0.75644
1	0.71439
1	0.819742
1	0.788604
1	0.701637
1	0.793066
1	0.780689
1	0.654501
1	0.719638
1	0.87956
1	0.883501
1	0.77791
1	0.72734
1	0.801661
1	0.553619
1	0.462599
1	0.71708
1	0.725319
1	0.533906
1	0.731848
1	0.672226
1	0.627279
1	0.740477
1	0.774138
1	0.788116
1	0.776952
1	0.662598
1	0.730633
1	0.55677
1	0.585171
1	0.528072
1	0.498094
1	0.595741
1	0.756534
1	0.646265
1	0.71264
1	0.756838
1	0.712812
1	0.897239
1	0.822274
1	0.803426
1	0.780936
1	0.647633
1	0.53029
1	0.810624
1	0.575257
1	0.831034
1	0.646917
1	0.698034
1	0.585137
1	0.610723
1	0.681311
1	0.725621
1	0.754925
1	0.585691
1	0.581251
1	0.467832
1	0.757234
1	0.772737
1	0.780603
1	0.802102
-1	-0.203703
-1	0.170396
-1	0.196942
-1	-0.0264633
-1	-0.0261173
-1	-0.0836636
-1	0.138572
-1	0.0600265
-1	-0.18145
-1	0.0662305
-1	0.0122954
-1	0.137523
-1	0.117976
-1	0.0545021
-1	-0.21019
-1	-0.189259
-1	0.0678508
-1	0.0508541
-1	0.105447
-1	-0.0373647
-1	-0.0538687
-1	-0.0473545
-1	0.368856
-1	0.197711
-1	0.0236336
-1	0.245547
-1	0.0120002
-1	0.0115095
-1	-0.0321318
-1	-0.0247444
-1	0.0566941
-1	-0.0874549
-1	0.170147
-1	0.0252558
-1	0.307118
-1	0.172878
-1	-0.0122851
-1	-0.0135256
-1	-0.163226
-1	0.0779221
-1	0.0483126
-1	-0.0748982
-1	0.0786328
-1	-0.0402757
-1	0.175936
-1	0.0397177
-1	0.0463499
-1	-0.0331913
-1	-0.126794
-1	0.237558
-1	0.190116
-1	0.048236
-1	0.0354684
-1	0.0781013
-1	0.131578
-1	-0.0556086
-1	0.0224827
-1	-0.0798088
-1	0.179168
-1	0.108473
-1	0.248597
-1	-0.0869369
-1	-0.229545
-1	-0.019642
-1	0.0422222
-1	0.0352677
-1	0.0177218
-1	0.0285809
-1	-0.193198
-1	0.292237
-1	-0.0912059
-1	0.164756
-1	0.0150591
-1	0.00371867
-1	0.212287
-1	0.0735854
-1	0.175354
-1	0.00341894
-1	0.0679282
-1	-0.0424128
-1	-0.0235907
-1	0.13968
-1	0.133673
-1	-0.0688358
-1	0.0149633
-1	0.0328627
-1	0.178759
-1	0.0764298
-1	0.0416672
-1	-0.116381
-1	-0.0974047
-1	-0.0469385
-1	0.0657024
-1	-0.0279593
-1	0.017198
-1	0.091307
-1	-0.0155988
-1	-0.0191442
-1	0.136601
-1	-0.111286
-1	-0.27377
-1	-0.11923
-1	0.0932013
-1	-0.0455669
-1	0.169455
-1	0.0863936
-1	0.114241
-1	0.0175597
-1	-0.0562194
-1	0.00905027
-1	-0.0746463
-1	-0.241473
-1	0.129852
-1	-0.119811
-1	-0.00730991
-1	-0.0306063
-1	0.137384
-1	0.0598211
-1	0.0942635
-1	0.120676
-1	0.264232
-1	0.28289
-1	0.0437928
-1	-0.158002
-1	0.00993711
-1	0.120323
-1	0.14521
-1	0.261787
-1	0.00490443
-1	0.160195
-1	0.0364766
-1	0.274086
-1	0.132226
-1	-0.122679
-1	-0.026965
-1	0.137633
-1	-0.127125
-1	0.0504884
-1	0.0873788
-1	0.172541
-1	0.00952178
-1	-0.0341039
-1	-0.0292124
-1	-0.0820067
-1	0.1234
-1	0.100457
-1	0.00890714
-1	-0.0676831
-1	0.066588
-1	-0.0636346
-1	-0.0929325
-1	-0.0443109
-1	0.0610737
-1	-0.101053
-1	0.211137
-1	-0.0667869
-1	0.0717722
-1	0.00323834
-1	-0.145953
-1	0.0589526
-1	0.117322
-1	0.14068
-1	0.0317123
-1	0.0609956
-1	-0.0195831
-1	-0.0805926
-1	0.0523246
-1	-0.003437
-1	-0.119632
-1	-0.144097
-1	-0.230743
-1	0.126917
-1	-0.132043
-1	-0.0226247
-1	0.0827916
-1	0.0175088
-1	0.0807639
-1	0.0506111
-1	0.00607329
-1	0.0531457
-1	-0.114609
-1	-0.0121996
-1	-0.14178
-1	-0.07137
-1	-0.0828493
-1	0.0238313
-1	0.053037
-1	-0.103268
-1	0.0321874
-1	-0.000147139
-1	0.0533791
-1	0.126996
-1	-0.0248529
-1	-0.142867
-1	0.106104
-1	0.110532
-1	0.106747
-1	-0.170812
-1	0.117752
-1	0.0422891
-1	0.0014269
-1	-0.012901
-1	0.37685
-1	0.0636886
-1	0.175146
-1	0.0989054
-1	0.0292931
-1	-0.0284149
-1	0.0247026
-1	-0.110931
-1	-0.173044
-1	0.14485
-1	0.0460487
-1	-0.0556655
-1	0.0794941
-1	0.187042
-1	0.0391141
-1	0.0430083
-1	-0.0112784
-1	0.0830158
-1	-0.126254
-1	0.301789
-1	0.199844
-1	-0.0434079
-1	0.0415375
-1	-0.0899691
-1	0.010844
-1	0.0342848
-1	0.00501954
-1	-0.0358019
-1	0.00588235
-1	0.120284
-1	0.110728
-1	-0.157425
-1	0.0488936
-1	-0.0340223
-1	0.035574
-1	0.184821
-1	-0.107563
-1	0.29737
-1	0.0501607
-1	0.103075
-1	0.153265
-1	0.155301
-1	-0.0549315
-1	0.0454263
-1	0.140133
-1	-0.164861
-1	-0.167027
-1	-0.0578364
-1	-0.133029
-1	0.119776
-1	0.121564
-1	0.010744
-1	0.0805446
-1	-0.162879
-1	0.257486
-1	-0.114036
-1	0.176556
-1	0.0746709
-1	-0.0165553
-1	0.210168
-1	0.103217
-1	-0.0943446
-1	-0.024763
-1	-0.0481575
-1	0.017991
-1	0.0869438
-1	0.131832
-1	-0.0890547
-1	0.292312
-1	0.211923
-1	0.117817
-1	0.0672542
-1	0.270361
-1	0.102748
-1	0.0302703
-1	-0.015511
-1	0.0922559
-1	0.17098
-1	0.0960418
-1	0.0758681
-1	-0.16226
-1	-0.191411
-1	-0.0628897
-1	0.0663574
-1	-0.140735
-1	0.127745
-1	0.0870294
-1	0.0697189
-1	-0.126625
-1	0.123123
-1	-0.0448782
-1	-0.042329
-1	0.0028614
-1	0.0739467
-1	0.0891769
-1	0.0535967
-1	-0.0275388
-1	0.00309597
1	0.463307
1	0.490429
1	0.565976
1	0.762517
1	0.732474
1	0.634506
1	0.564981
1	0.604692
1	0.617145
1	0.764192
1	0.552159
1	0.663747
1	0.599395
1	0.595358
1	0.639757
1	0.721183
1	0.570373
1	0.763038
1	0.515486
1	0.776385
1	0.714744
1	0.779519
1	0.741902
1	0.642709
1	0.585183
1	0.733603
1	0.712265
1	0.680967
1	0.730101
1	0.636057
1	0.743739
1	0.784766
1	0.839643
1	0.48284
1	0.749221
1	0.714476
1	0.741944
1	0.725146
1	0.713142
1	0.356177
1	0.424775
1	0.270503
1	0.684873
1	0.68475
1	0.816017
1	0.771735
1	0.895582
1	0.475022
1	0.655861
1	0.615147
1	0.76287
1	0.361021
1	0.710991
1	0.525289
1	0.715999
1	0.699321
1	0.804352
1	0.814197
1	0.618571
1	0.895608
1	0.848682
1	0.782173
1	0.638736
1	0.598224
1	0.600945
1	0.794025
1	0.744075
1	0.777986
1	0.756693
1	0.749969
1	0.711368
1	0.689177
1	0.653668
1	0.648953
1	0.604945
1	0.772507
1	0.803534
1	0.822943
1	0.697649
1	0.541257
1	0.702172
1	0.865574
1	0.745864
1	0.740708
1	0.751307
1	0.539904
1	0.694075
1	0.729588
1	0.780963
1	0.555063
1	0.718255
1	0.537674
1	0.824735
1	0.31857
1	0.695966
1	0.781016
1	0.70226
1	0.721412
1	0.76384
1	0.802291
1	0.568722
1	0.693071
1	0.71948
1	0.577997
1	0.709007
1	0.79655
1	0.899267
1	0.762892
1	0.520739
1	0.532324
1	0.407919
1	0.576456
1	0.691621
1	0.63605
1	0.670711
1	0.802253
1	0.740543
1	0.745888
1	0.882935
1	0.694291
1	0.788383
1	0.748858
1	0.77965
1	0.762102
1	0.722723
1	0.800694
1	0.656027
1	0.848495
1	0.769475
1	0.665802
1	0.621298
1	0.79696
1	0.779008
1	0.69089
1	0.446897
1	0.637122
1	0.567702
1	0.778152
1	0.747129
1	0.812366
1	0.763647
1	0.601471
1	0.638413
1	0.744168
1	0.755132
1	0.795014
1	0.787896
1	0.783209
1	0.795119
1	0.782329
1	0.661295
1	0.605793
1	0.644815
1	0.660815
1	0.738012
1	0.756651
1	0.702922
1	0.801601
1	0.814059
1	0.898664
1	0.594156
1	0.659264
1	0.650958
1	0.607882
1	0.614296
1	0.336346
1	0.791224
1	0.764537
1	0.723244
1	0.784431
1	0.781873
1	0.51243
1	0.631493
1	0.796286
1	0.753284
1	0.464338
1	0.660674
1	0.744387
1	0.697588
1	0.566817
1	0.688482
1	0.60924
1	0.58245
1	0.702953
1	0.567556
1	0.875751
1	0.866285
1	0.671239
1	0.630096
1	0.594297
1	0.720176
1	0.552223
1	0.629332
1	0.680271
1	0.763826
1	0.630203
1	0.661519
1	0.541795
1	0.758104
1	0.903861
1	0.736789
1	0.768544
1	0.591474
1	0.657479
1	0.655006
1	0.588142
1	0.739716
1	0.682131
1	0.678092
1	0.679524
1	0.602186
1	0.737206
1	0.722552
1	0.587226
1	0.792846
1	0.587732
1	0.671982
1	0.698793
1	0.713876
1	0.653721
1	0.840843
1	0.709501
1	0.755761
1	0.782497
1	0.752776
1	0.782779
1	0.566555
1	0.720071
1	0.622416
1	0.559817
1	0.531491
1	0.798204
1	0.833147
1	0.752342
1	0.801333
1	0.820494
1	0.734823
1	0.757244
1	0.840306
1	0.786227
1	0.662751
1	0.664305
1	0.734835
1	0.849369
1	0.631835
1	0.584471
1	0.839557
1	0.737236
1	0.721191
1	0.636977
1	0.553208
1	0.571352
1	0.762141
1	0.768157
1	0.813819
1	0.946678
1	0.775546
1	0.512828
1	0.64431
1	0.71197
1	0.798398
1	0.901242
1	0.550641
1	0.816319
1	0.448447
1	0.654925
1	0.675618
1	0.455829
1	0.686707
1	0.774272
1	0.667552
1	0.567026
1	0.263804
1	0.746155
1	0.674375
1	0.6472
1	0.735206
1	0.822398
1	0.602636
1	0.706828
1	0.742758
1	0.6083
1	0.535827
1	0.679047
1	0.620676
1	0.44154
1	0.623202
1	0.612282
1	0.703457
1	0.487055
1	0.606002
1	0.267239
1	0.210772
1	0.606944
1	0.830529
1	0.586742
1	0.742897
1	0.66045
1	0.713424
1	0.781656
-1	-0.0786095
-1	0.154385
-1	0.0565314
-1	0.0879056
-1	0.262778
-1	0.114957
-1	0.0391632
-1	0.188208
-1	-0.0190431
-1	-0.0380911
-1	0.0650123
-1	0.154163
-1	-0.0365447
-1	0.128471
-1	0.141463
-1	0.0276644
-1	-0.0785544
-1	0.254003
-1	0.139159
-1	-0.0538635
-1	0.0252896
-1	0.0930882
-1	0.065832
-1	0.20268
-1	-0.0507
-1	-0.011717
-1	0.0511877
-1	0.135898
-1	0.205258
-1	0.0968537
-1	0.251375
-1	0.0433772
-1	0.00634151
-1	0.0103295
-1	0.285498
-1	0.0119929
-1	0.0560903
-1	0.14376
-1	-0.00746226
-1	0.101854
-1	0.272235
-1	0.0584608
-1	0.0878119
-1	0.0875849
-1	0.342234
-1	-0.0214439
-1	0.072577
-1	0.0321772
-1	0.281958
-1	-0.0356883
-1	-0.0254429
-1	0.13039
-1	0.0570891
-1	0.00751055
-1	-0.245862
-1	-0.200324
-1	-0.0144816
-1	0.0123737
-1	0.0202661
-1	0.0162094
-1	0.0597227
-1	0.0514294
-1	0.0678052
-1	0.0764938
-1	0.217747
-1	0.127229
-1	0.139114
-1	0.117761
-1	0.0304318
-1	0.0659808
-1	0.0285476
-1	0.111
-1	0.122848
-1	0.0544809
-1	0.148024
-1	0.169864
-1	0.0881078
-1	0.141981
-1	-0.1323
-1	-0.0128566
-1	-0.211451
-1	-0.00412566
-1	0.0321598
-1	-0.0807638
-1	0.085831
-1	0.0168123
-1	0.179602
-1	-0.0125201
-1	-0.00111756
-1	0.0122001
-1	0.0849091
-1	0.298219
-1	-0.0268715
-1	0.125652
-1	-0.0912162
-1	0.115533
-1	0.0465712
-1	0.0315936
-1	0.0759536
-1	0.0331469
-1	0.15587
-1	-0.0699026
-1	-0.226451
-1	0.038422
-1	0.236386
-1	-0.0842799
-1	-0.022321
-1	-0.12877
-1	0.039348
-1	0.135315
-1	0.261109
-1	0.0719037
-1	0.177866
-1	0.0850243
-1	0.0513616
-1	0.0732135
-1	0.0385281
-1	0.0511934
-1	0.119338
-1	-0.126033
-1	0.062649
-1	-0.124912
-1	0.144509
-1	0.0483039
-1	0.0782896
-1	0.0799951
-1	0.0185161
-1	-0.0819013
-1	-0.0171894
-1	-0.154242
-1	-0.000218942
-1	0.0916268
-1	0.149351
-1	-0.144016
-1	-0.00908383
-1	0.142653
-1	-0.110603
-1	0.0618732
-1	-0.0991942
-1	0.218447
-1	0.113312
-1	-0.0603106
-1	0.201495
-1	0.102038
-1	-0.00249257
-1	-0.153042
-1	0.0656625
-1	0.224633
-1	0.0545365
-1	0.0780739
-1	0.127409
-1	0.0113302
-1	0.0257481
-1	0.0230175
-1	0.0214761
-1	0.15991
-1	0.0955203
-1	0.0587058
-1	-0.0783737
-1	-0.0363913
-1	-0.142322
-1	0.0429651
-1	-0.105601
-1	-0.00546909
-1	-0.0221895
-1	0.0153547
-1	0.0642439
-1	-0.118332
-1	-0.116524
-1	0.327915
-1	0.145992
-1	-0.0786866
-1	0.0549514
-1	0.0911154
-1	0.0654473
-1	0.142084
-1	0.101714
-1	-0.0162038
-1	0.213165
-1	0.117217
-1	-0.0896131
-1	-0.0387836
-1	-0.197004
-1	-0.00594994
-1	-0.0515626
-1	0.0937348
-1	0.104185
-1	0.0954435
-1	-0.114722
-1	-0.00584225
-1	-0.0567148
-1	0.0244726
-1	0.0868383
-1	-0.0350334
-1	0.00466549
-1	-0.0843595
-1	0.00912605
-1	0.197172
-1	-0.0743297
-1	0.259254
-1	0.0488728
-1	0.205685
-1	0.00859833
-1	0.0405998
-1	-0.103643
-1	-0.0112149
-1	-0.172512
-1	-0.102385
-1	-0.0292077
-1	0.0411238
-1	-0.0764802
-1	-0.0313479
-1	0.145731
-1	0.0504826
-1	0.200989
-1	0.0255513
-1	0.316265
-1	-0.148221
-1	0.221861
-1	-0.049772
-1	0.161972
-1	0.26439
-1	-0.0445377
-1	-0.0284274
-1	0.114073
-1	0.0183563
-1	-0.0168246
-1	0.0835905
-1	-0.0379402
-1	-0.136831
-1	-0.180074
-1	0.0543283
-1	-0.033694
-1	-0.0142676
-1	-0.0767009
-1	0.155824
-1	-0.0237486
-1	-0.0730071
-1	-0.106036
-1	0.0839256
-1	-0.169013
-1	0.162843
-1	0.18871
-1	-0.0931992
-1	0.115478
-1	-0.0705234
-1	0.236682
-1	0.108776
-1	-0.0310875
-1	-0.142573
-1	0.176374
-1	0.132848
-1	0.280976
-1	0.0548173
-1	0.110879
-1	0.0459911
-1	0.0433332
-1	0.0517397
-1	0.0458525
-1	0.0138623
-1	-0.0890478
-1	0.0456054
-1	-0.0665394
-1	-0.189794
-1	0.0344344
-1	0.0604006
-1	-5.10147e-05
-1	0.165225
-1	0.0820652
-1	0.10475
-1	-0.0113585
-1	0.137655
-1	0.00167822
-1	0.0882757
-1	0.055246
-1	0.0228729
-1	0.0931598
-1	0.0462364
-1	0.053767
-1	0.0655919
-1	0.0647984
-1	0.0928392
-1	0.0755467
-1	-0.053522
-1	0.237098
-1	0.0908358
-1	0.148606
-1	0.0953295
-1	0.0637888
-1	-0.0335276
-1	-0.0297466
-1	-0.0809551
-1	-0.0705113
-1	0.00866106
-1	-0.00792481
-1	-0.122256
-1	0.0159922
-1	-0.145711
-1	0.15093
-1	0.231002
1	0.757109
1	0.777105
1	0.709346
1	0.804512
1	0.599125
1	0.612039
1	0.803774
1	0.636433
1	0.384646
1	0.69892
1	0.596865
1	0.679998
1	0.760793
1	0.726561
1	0.573036
1	0.660113
1	0.513324
1	0.795452
1	0.74001
1	0.529866
1	0.559951
1	0.581094
1	0.475152
1	0.645552
1	0.734494
1	0.666658
1	0.676159
1	0.676183
1	0.677752
1	0.668494
1	0.668096
1	0.778112
1	0.810323
1	0.591107
1	0.667089
1	0.435768
1	0.85691
1	0.63936
1	0.704682
1	0.768161
1	0.766842
1	0.479368
1	0.658099
1	0.722154
1	0.551016
1	0.720178
1	0.853041
1	0.708714
1	0.577406
1	0.627106
1	0.525631
1	0.494308
1	0.839895
1	0.801993
1	0.544469
1	0.70451
1	0.683718
1	0.741035
1	0.661437
1	0.606985
1	0.691941
1	0.513974
1	0.53051
1	0.681697
1	0.669869
1	0.608858
1	0.715363
1	0.594181
1	0.771157
1	0.624893
1	0.590574
1	0.670064
1	0.72415
1	0.54493
1	0.708723
1	0.820181
1	0.541889
1	0.625884
1	0.602341
1	0.661934
1	0.821107
1	0.634721
1	0.771729
1	0.618112
1	0.7422
1	0.742418
1	0.773767
1	0.56239
1	0.841704
1	0.568761
1	0.48303
1	0.531186
1	0.722029
1	0.652018
1	0.747529
1	0.54195
1	0.685954
1	0.702488
1	0.790171
1	0.727053
1	0.653274
1	0.711474
1	0.602403
1	0.705513
1	0.622973
1	0.562067
1	0.520633
1	0.725244
1	0.826012
1	0.697937
1	0.855139
1	0.697028
1	0.676307
1	0.614313
1	0.624921
1	0.762068
1	0.674878
1	0.700022
1	0.716914
1	0.608112
1	0.535613
1	0.63378
1	0.707315
1	0.776619
1	0.518938
1	0.609668
1	0.528489
1	0.711865
1	0.720113
1	0.583211
1	0.685663
1	0.69828
1	0.650227
1	0.730757
1	0.583905
1	0.706214
1	0.721514
1	0.612454
1	0.678179
1	0.397109
1	0.669319
1	0.652542
1	0.773494
1	0.78355
1	0.605203
1	0.711481
1	0.665558
1	0.678228
1	0.778593
1	0.725579
1	0.713862
1	0.659
1	0.688863
1	0.720817
1	0.523922
1	0.847129
1	0.852344
1	0.803738
1	0.804269
1	0.646092
1	0.515727
1	0.584027
1	0.782761
1	0.671553
1	0.655631
1	0.655092
1	0.719893
1	0.839171
1	0.653418
1	0.808782
1	0.368765
1	0.63224
1	0.667389
1	0.756055
1	0.573018
1	0.698107
1	0.507367
1	0.758827
1	0.744932
1	0.70902
1	0.8059
1	0.783353
1	0.747036
1	0.620313
1	0.673074
1	0.724232
1	0.656167
1	0.668047
1	0.668098
1	0.675338
1	0.729267
1	0.638128
1	0.578824
1	0.663802
1	0.664756
1	0.697848
1	0.884943
1	0.779193
1	0.671831
1	0.639536
1	0.748739
1	0.615278
1	0.731038
1	0.550907
1	0.808829
1	0.752965
1	0.651055
1	0.655464
1	0.71029
1	0.53503
1	0.561928
1	0.652714
1	0.684266
1	0.620967
1	0.670458
1	0.685996
1	0.585164
1	0.690972
1	0.820238
1	0.675668
1	0.733137
1	0.58625
1	0.734181
1	0.768652
1	0.777648
1	0.751924
1	0.5444
1	0.552462
1	0.680444
1	0.530802
1	0.570175
1	0.533504
1	0.937812
1	0.621124
1	0.668046
1	0.564499
1	0.556467
1	0.543319
1	0.363602
1	0.699131
1	0.727336
1	0.747236
1	0.758613
1	0.856472
1	0.761099
1	0.801078
1	0.762401
1	0.730916
1	0.761052
1	0.580494
1	0.729215
1	0.750235
1	0.680245
1	0.552774
1	0.812617
1	0.457685
1	0.626527
1	0.668746
1	0.653354
1	0.693958
1	0.70998
1	0.69974
1	0.820789
1	0.74976
1	0.665089
1	0.828103
1	0.795689
1	0.858032
1	0.662983
1	0.641581
1	0.707063
1	0.754098
1	0.749166
1	0.653825
1	0.604242
1	0.59059
1	0.617774
1	0.586312
1	0.682361
1	0.746726
1	0.652319
1	0.849306
1	0.782853
1	0.65437
1	0.733374
1	0.490108
1	0.678677
1	0.543675
1	0.625757
1	0.775813
1	0.648706
1	0.652001
1	0.805799
1	0.731669
1	0.641228
1	0.678389
1	0.644717
1	0.725046
1	0.721843
1	0.7151
-1	0.0253089
-1	0.0314529
-1	0.023183
-1	0.254079
-1	0.0198159
-1	0.204924
-1	0.28218
-1	0.162978
-1	0.161415
-1	-0.0368285
-1	-0.178558
-1	0.0365603
-1	-0.169623
-1	-0.0455926
-1	0.0955804
-1	-0.061602
-1	-0.116654
-1	0.0129305
-1	-0.0185684
-1	0.145624
-1	-0.00319266
-1	0.0148575
-1	0.0281428
-1	0.012945
-1	-0.114924
-1	-0.141513
-1	-0.0113726
-1	0.130342
-1	-0.184417
-1	-0.0230335
-1	0.00738419
-1	0.0527187
-1	0.0684735
-1	-0.120377
-1	0.0189072
-1	0.11213
-1	0.0970918
-1	-0.103933
-1	0.0386
-1	0.123157
-1	0.0785418
-1	0.00804307
-1	-0.0797617
-1	0.00244717
-1	0.173489
-1	0.20009
-1	0.0148274
-1	0.026383
-1	-0.0899812
-1	0.150576
-1	-0.0456869
-1	-0.0375924
-1	-0.0319118
-1	-0.170212
-1	-0.0488396
-1	-0.0186817
-1	-0.0986047
-1	-0.136913
-1	0.115833
-1	0.00425607
-1	0.112454
-1	0.00913022
-1	-0.0561505
-1	0.146868
-1	0.107702
-1	0.242032
-1	0.126431
-1	-0.0437769
-1	0.0974464
-1	-0.117081
-1	0.294343
-1	-0.0622244
-1	-0.116515
-1	0.183274
-1	0.238849
-1	-0.161142
-1	-0.0292784
-1	-0.0104119
-1	0.0689088
-1	0.0918295
-1	-0.0390257
-1	0.0432831
-1	0.00810605
-1	0.00404274
-1	0.391648
-1	-0.206546
-1	0.0359971
-1	0.115914
-1	-0.0725865
-1	-0.0775208
-1	0.0531554
-1	0.0996613
-1	-0.0519543
-1	-0.128685
-1	-0.242745
-1	0.127437
-1	-0.00546468
-1	0.0592497
-1	0.0705793
-1	-0.224653
-1	0.000447694
-1	0.0304832
-1	0.143317
-1	0.140132
-1	0.00138575
-1	0.140524
-1	0.152312
-1	0.273844
-1	-0.0429833
-1	0.306107
-1	-0.0231682
-1	0.10553
-1	-0.0464028
-1	-0.0851906
-1	-0.131291
-1	-0.0112173
-1	0.170101
-1	0.162744
-1	0.0790941
-1	0.177221
-1	0.216621
-1	0.0658769
-1	-0.193844
-1	-0.0472624
-1	0.174188
-1	0.05974
-1	-0.0857071
-1	-0.000915704
-1	-0.0616758
-1	0.19963
-1	-0.158838
-1	0.0678025
-1	-0.0737279
-1	0.0229073
-1	0.143706
-1	0.0548877
-1	-0.0434253
-1	-0.00307647
-1	0.200568
-1	-0.0513693
-1	-0.107986
-1	-0.0957177
-1	-0.0859035
-1	0.103709
-1	0.131016
-1	-0.0355638
-1	-0.156158
-1	0.12474
-1	0.218096
-1	-0.135184
-1	-0.0203502
-1	0.00802151
-1	0.0214182
-1	-0.0565473
-1	0.0611667
-1	0.173274
-1	-0.100267
-1	-0.0581838
-1	-0.0586186
-1	-0.0254346
-1	0.0636371
-1	-0.0365373
-1	0.0403098
-1	0.0602695
-1	0.339136
-1	0.129032
-1	0.0818811
-1	-0.0298239
-1	-0.0365794
-1	-0.160873
-1	-0.00975801
-1	0.136444
-1	0.0458506
-1	-0.142554
-1	0.023862
-1	0.0293985
-1	0.054825
-1	0.129066
-1	0.258087
-1	0.152621
-1	0.105869
-1	-0.101215
-1	0.162504
-1	0.110669
-1	0.100155
-1	-0.0818886
-1	0.03101
-1	0.196036
-1	0.0656694
-1	-0.105751
-1	0.177521
-1	-0.021974
-1	-0.0125058
-1	-0.0330894
-1	0.326757
-1	-0.0390309
-1	0.00660813
-1	0.0247317
-1	0.100261
-1	-0.0110391
-1	-0.0904934
-1	0.0721344
-1	0.0674384
-1	-0.0365289
-1	-0.123702
-1	0.0556064
-1	-0.0672298
-1	0.0547818
-1	0.142821
-1	0.110874
-1	0.0520998
-1	0.0616396
-1	0.108964
-1	-0.0264444
-1	0.126152
-1	-0.0487738
-1	-0.106017
-1	-0.124093
-1	-0.0444194
-1	0.0288529
-1	-0.0177857
-1	0.0334094
-1	0.202214
-1	-0.0793146
-1	-0.0271688
-1	0.112327
-1	-0.0824779
-1	-0.250403
-1	0.11712
-1	0.0216694
-1	0.036813
-1	0.103439
-1	-0.0991764
-1	0.0163178
-1	-0.0708519
-1	-0.0968499
-1	-0.105597
-1	-0.00573741
-1	-0.0110631
-1	-0.00330473
-1	0.139821
-1	0.025149
-1	0.025123
-1	0.0520754
-1	0.12393
-1	0.0804278
-1	0.0287324
-1	0.186756
-1	-0.0738894
-1	0.0074767
-1	0.150751
-1	0.100944
-1	0.170547
-1	0.132319
-1	0.00839124
-1	0.0591243
-1	0.152794
-1	0.111815
-1	-0.0901207
-1	-0.128768
-1	0.0244708
-1	0.185129
-1	0.20926
-1	0.164217
-1	-0.0414047
-1	0.0614713
-1	0.0435728
-1	0.0108841
-1	0.0978352
-1	0.0919598
-1	-0.0996235
-1	-0.0156982
-1	-0.0580673
-1	0.0314867
-1	-0.00445768
-1	-0.032259
-1	0.0268283
-1	0.122978
-1	-0.0444211
-1	-0.0481554
-1	0.153232
-1	-0.00728012
-1	0.0720164
-1	0.151188
-1	0.0484416
-1	0.134355
-1	0.159275
-1	0.231404
-1	-0.0478069
-1	0.171537
-1	0.172788
-1	0.155751
-1	-0.13664
-1	0.121895
-1	0.060138
-1	-0.159033
-1	-0.00150563
-1	0.172994
-1	0.0747467
-1	0.116769
1	0.64745
1	0.73407
1	0.695969
1	0.753533
1	0.769029
1	0.76189
1	0.739624
1	0.394916
1	0.628495
1	0.657358
1	0.651476
1	0.664545
1	0.763206
1	0.868214
1	0.576724
1	0.635247
1	0.452534
1	0.712355
1	0.53435
1	0.726571
1	0.643575
1	0.758488
1	0.686441
1	0.605243
1	0.674874
1	0.503201
1	0.511513
1	0.791873
1	0.723078
1	0.678545
1	0.806495
1	0.822538
1	0.820355
1	0.606811
1	0.661853
1	0.592284
1	0.611605
1	0.723645
1	0.767916
1	0.705236
1	0.698009
1	0.801893
1	0.813715
1	0.724035
1	0.707602
1	0.637362
1	0.461865
1	0.705673
1	0.654916
1	0.586168
1	0.604854
1	0.679579
1	0.667841
1	0.548463
1	0.631333
1	0.697688
1	0.643447
1	0.705656
1	0.659939
1	0.713986
1	0.666172
1	0.725983
1	0.750642
1	0.778301
1	0.741755
1	0.795014
1	0.585824
1	0.667359
1	0.714989
1	0.423965
1	0.58317
1	0.681566
1	0.556083
1	0.45641
1	0.624749
1	0.851911
1	0.758251
1	0.708294
1	0.763302
1	0.534337
1	0.645925
1	0.571632
1	0.624541
1	0.565198
1	0.687501
1	0.676533
1	0.653886
1	0.702693
1	0.710107
1	0.689218
1	0.710403
1	0.801428
1	0.625409
1	0.599697
1	0.77858
1	0.701006
1	0.796473
1	0.808326
1	0.721319
1	0.543749
1	0.804618
1	0.720192
1	0.650159
1	0.607904
1	0.739007
1	0.490549
1	0.684806
1	0.673036
1	0.624867
1	0.630932
1	0.711329
1	0.771524
1	0.707233
1	0.582872
1	0.755269
1	0.634168
1	0.527383
1	0.558123
1	0.611091
1	0.601724
1	0.794399
1	0.741654
1	0.533498
1	0.573933
1	0.63839
1	0.778093
1	0.660458
1	0.870777
1	0.647878
1	0.55085
1	0.518324
1	0.662203
1	0.658347
1	0.712521
1	0.69303
1	0.868543
1	0.615442
1	0.661824
1	0.826851
1	0.77933
1	0.795024
1	0.641629
1	0.722392
1	0.637386
1	0.664856
1	0.536392
1	0.842356
1	0.699116
1	0.779434
1	0.738302
1	0.631482
1	0.734737
1	0.71939
1	0.662512
1	0.67154
1	0.717379
1	0.709019
1	0.689806
1	0.727569
1	0.708539
1	0.830798
1	0.602679
1	0.455801
1	0.780613
1	0.684967
1	0.755731
1	0.676338
1	0.775726
1	0.851518
1	0.687888
1	0.600737
1	0.695284
1	0.635319
1	0.478968
1	0.617804
1	0.823418
1	0.691756
1	0.766232
1	0.7258
1	0.58972
1	0.484332
1	0.894061
1	0.824262
1	0.738966
1	0.679321
1	0.569128
1	0.782148
1	0.551299
1	0.72088
1	0.830071
1	0.711871
1	0.470158
1	0.59003
1	0.676819
1	0.667089
1	0.732548
1	0.842066
1	0.775268
1	0.711184
1	0.586915
1	0.862575
1	0.659266
1	0.701373
1	0.681547
1	0.708871
1	0.710101
1	0.603253
1	0.511848
1	0.692281
1	0.583293
1	0.660339
1	0.542855
1	0.550305
1	0.752019
1	0.713986
1	0.827896
1	0.709086
1	0.663752
1	0.782984
1	0.718543
1	0.755012
1	0.7066
1	0.439649
1	0.671915
1	0.630382
1	0.616538
1	0.67767
1	0.550965
1	0.869173
1	0.720906
1	0.688272
1	0.579177
1	0.764871
1	0.865636
1	0.775048
1	0.733377
1	0.698385
1	0.666535
1	0.660334
1	0.778884
1	0.411061
1	0.609717
1	0.701839
1	0.570419
1	0.650062
1	0.802276
1	0.56333
1	0.62505
1	0.687171
1	0.57962
1	0.595151
1	0.8267
1	0.734388
1	0.817461
1	0.625175
1	0.594671
1	0.684377
1	0.649863
1	0.643811
1	0.860006
1	0.838723
1	0.833338
1	0.63467
1	0.599252
1	0.762771
1	0.513265
1	0.840876
1	0.676731
1	0.843295
1	0.681975
1	0.771997
1	0.621683
1	0.787553
1	0.766976
1	0.761908
1	0.674292
1	0.751883
1	0.842514
1	0.710929
1	0.557914
1	0.691136
1	0.655382
1	0.690129
1	0.428377
1	0.682041
1	0.58748
1	0.560036
1	0.69387
1	0.842299
1	0.632053
1	0.900059
1	0.594616
1	0.703991
1	0.789169
1	0.743316
1	0.722172
1	0.884837
1	0.793557
1	0.726811
1	0.646913
-1	-0.06295
-1	-0.0833859
-1	-0.160733
-1	0.0404039
-1	-0.12097
-1	-0.129152
-1	-0.0185822
-1	0.0446352
-1	-0.209233
-1	-0.0144155
-1	-0.0494889
-1	0.0723231
-1	-0.0310428
-1	0.0127368
-1	0.0333547
-1	0.0950369
-1	0.116799
-1	0.1121
-1	0.118666
-1	0.0566296
-1	0.0915395
-1	-0.0694254
-1	0.00923638
-1	-0.0265558
-1	0.0255093
-1	0.0354729
-1	0.0184044
-1	0.132861
-1	0.0985218
-1	0.0193897
-1	0.139129
-1	-0.163269
-1	0.0497705
-1	-0.0212044
-1	-0.00281464
-1	0.0960986
-1	0.0992726
-1	0.0288821
-1	-0.0227426
-1	-0.121926
-1	0.0140802
-1	0.0228471
-1	0.149181
-1	0.113352
-1	0.00984128
-1	0.139852
-1	-0.0163006
-1	-0.0897622
-1	-0.0758944
-1	0.0423496
-1	0.0341192
-1	0.212415
-1	0.126926
-1	-0.0147042
-1	0.218815
-1	-0.0864004
-1	0.224648
-1	0.0234958
-1	0.224776
-1	-0.0652219
-1	0.0150504
-1	-0.0590074
-1	-0.0743688
-1	0.0163416
-1	0.125972
-1	-0.0417148
-1	0.263499
-1	0.166543
-1	0.195357
-1	0.165525
-1	0.137224
-1	0.0515955
-1	0.0580084
-1	-0.00740685
-1	-0.0173381
-1	-0.0185096
-1	0.270243
-1	-0.10693
-1	0.00686336
-1	0.0621353
-1	0.00287563
-1	-0.0199968
-1	0.0556537
-1	-0.0112106
-1	0.00923624
-1	0.122674
-1	0.051643
-1	0.0257981
-1	0.114824
-1	0.0657981
-1	0.0485087
-1	0.118499
-1	-0.00461235
-1	-0.0186165
-1	0.0685886
-1	-0.0951861
-1	0.182473
-1	0.236638
-1	-0.144071
-1	0.160495
-1	-0.00400018
-1	-0.0743904
-1	-0.0379603
-1	-0.119089
-1	0.0391078
-1	-0.0670257
-1	-0.156807
-1	-0.00917949
-1	0.326438
-1	0.156706
-1	-0.0331243
-1	0.117346
-1	-0.166486
-1	-0.149574
-1	0.244651
-1	0.149152
-1	0.217737
-1	-0.186234
-1	-0.0629968
-1	0.0559929
-1	0.142169
-1	0.192543
-1	-0.0813864
-1	0.0889249
-1	0.0408328
-1	0.183448
-1	-0.0781667
-1	0.00573378
-1	0.0765475
-1	0.0393967
-1	0.0297507
-1	-0.0203365
-1	-0.00409904
-1	0.054636
-1	-0.0499652
-1	-0.0401735
-1	-0.100051
-1	-0.0454481
-1	0.0839388
-1	0.0298084
-1	-0.0381478
-1	-0.032371
-1	-0.113551
-1	0.0356283
-1	-0.0308193
-1	0.104206
-1	-0.0228264
-1	0.10471
-1	-0.0264423
-1	0.172079
-1	-0.0249867
-1	0.0353994
-1	0.107326
-1	-0.0889919
-1	-0.015485
-1	-0.0570533
-1	0.0747169
-1	-0.0796407
-1	0.159407
-1	0.00861412
-1	0.0312319
-1	0.0406279
-1	-0.0113528
-1	0.0731032
-1	0.161038
-1	0.0415786
-1	0.0845291
-1	0.165942
-1	0.0567274
-1	0.181937
-1	0.188887
-1	0.0431035
-1	0.0626202
-1	0.0161144
-1	0.22959
-1	-0.106918
-1	0.104517
-1	-0.0193651
-1	-0.1019
-1	0.0473777
-1	0.102707
-1	0.105577
-1	0.142183
-1	0.0373382
-1	0.0284861
-1	0.0592272
-1	0.0832505
-1	-0.0478871
-1	0.137694
-1	0.157425
-1	0.0848038
-1	-0.021648
-1	-0.0320497
-1	0.0702813
-1	-0.101425
-1	0.162506
-1	0.190664
-1	-0.0182225
-1	-0.0424623
-1	-0.139546
-1	-0.0215654
-1	-0.136651
-1	0.0835226
-1	0.102058
-1	0.0694332
-1	-0.00531616
-1	0.00772648
-1	0.136192
-1	0.0749657
-1	0.00514025
-1	0.0047171
-1	0.0138784
-1	0.0831555
-1	0.0207501
-1	0.0881885
-1	0.0617292
-1	0.0748682
-1	0.191586
-1	-0.0369924
-1	-0.0963761
-1	0.113019
-1	-0.103419
-1	-0.0069167
-1	0.0921358
-1	-0.086786
-1	0.0178063
-1	-0.115555
-1	-0.119424
-1	-0.0808684
-1	0.118116
-1	-0.107868
-1	-0.0764533
-1	0.234186
-1	0.0699601
-1	0.237946
-1	0.0301945
-1	0.0947485
-1	0.0351392
-1	0.16282
-1	0.202315
-1	0.146225
-1	0.0216401
-1	0.0779423
-1	0.0192418
-1	0.0549301
-1	0.156107
-1	0.00189621
-1	0.034942
-1	0.000992868
-1	0.00173143
-1	-0.00508944
-1	-0.0582682
-1	0.0954168
-1	0.0470467
-1	0.11057
-1	-0.00635298
-1	0.123863
-1	0.0142208
-1	-0.0233112
-1	0.013404
-1	0.0366398
-1	0.0784141
-1	0.0360431
-1	-0.0530861
-1	0.00359068
-1	0.0662172
-1	0.0590989
-1	-0.0474075
-1	-0.00881588
-1	0.0890128
-1	-0.0103352
-1	0.100382
-1	0.000642875
-1	-0.0143318
-1	-0.0321052
-1	-0.133901
-1	0.127243
-1	-0.0630632
-1	-0.10954
-1	-0.0201141
-1	0.128274
-1	-0.0173605
-1	-0.0395089
-1	-0.0970525
-1	-0.069624
-1	-0.107443
-1	0.118812
-1	0.0480894
-1	0.0780381
-1	-0.141717
-1	-0.0686488
-1	-0.0041653
-1	-0.00269623
-1	0.0075487
-1	-0.0305624
-1	0.132749
-1	-0.0889391
-1	-0.059018
-1	-0.0539899
-1	0.0525044
1	0.844351
1	0.762196
1	0.734971
1	0.656228
1	0.509236
1	0.628056
1	0.646712
1	0.680845
1	0.764344
1	0.844588
1	0.795351
1	0.68417
1	0.831824
1	0.626562
1	0.802
1	0.821471
1	0.734305
1	0.750974
1	0.735016
1	0.730089
1	0.823873
1	0.842529
1	0.8638
1	0.678654
1	0.778649
1	0.713487
1	0.644629
1	0.779993
1	0.593259
1	0.634633
1	0.728455
1	0.6243
1	0.64275
1	0.729469
1	0.669015
1	0.662728
1	0.832422
1	0.548926
1	0.645848
1	0.70182
1	0.727683
1	0.661152
1	0.577377
1	0.655894
1	0.772154
1	0.570877
1	0.862608
1	0.867771
1	0.689741
1	0.527736
1	0.570783
1	0.832584
1	0.678485
1	0.681515
1	0.593013
1	0.639503
1	0.708026
1	0.725064
1	0.727198
1	0.741776
1	0.668941
1	0.723363
1	0.835714
1	0.811006
1	0.771843
1	0.781655
1	0.810729
1	0.729983
1	0.579745
1	0.675
1	0.685079
1	0.813755
1	0.511778
1	0.666727
1	0.4755
1	0.769439
1	0.526334
1	0.450014
1	0.802007
1	0.798964
1	0.611214
1	0.727392
1	0.828628
1	0.589794
1	0.651271
1	0.914686
1	0.709903
1	0.728212
1	0.729314
1	0.597335
1	0.618116
1	0.659885
1	0.674095
1	0.64424
1	0.645203
1	0.874974
1	0.794692
1	0.744439
1	0.700915
1	0.590125
1	0.823598
1	0.635638
1	0.689259
1	0.667738
1	0.727472
1	0.709779
1	0.706241
1	0.716533
1	0.721611
1	0.690536
1	0.67738
1	0.696742
1	0.721056
1	0.775977
1	0.856275
1	0.627773
1	0.62747
1	0.839789
1	0.680971
1	0.682875
1	0.698517
1	0.669554
1	0.437636
1	0.569904
1	0.682366
1	0.734138
1	0.834114
1	0.78528
1	0.767385
1	0.648865
1	0.605551
1	0.685365
1	0.76338
1	0.878295
1	0.642376
1	0.71302
1	0.662506
1	0.653883
1	0.678448
1	0.699621
1	0.774649
1	0.728857
1	0.732803
1	0.682969
1	0.605869
1	0.703472
1	0.625717
1	0.598235
1	0.638693
1	0.652892
1	0.843457
1	0.662903
1	0.657544
1	0.738056
1	0.670991
1	0.45304
1	0.856328
1	0.684756
1	0.693278
1	0.852528
1	0.821937
1	0.720271
1	0.781583
1	0.757472
1	0.651749
1	0.807003
1	0.79672
1	0.782946
1	0.686183
1	0.712178
1	0.712551
1	0.694293
1	0.491038
1	0.433044
1	0.680397
1	0.368949
1	0.67956
1	0.670821
1	0.858594
1	0.547068
1	0.750957
1	0.878951
1	0.689022
1	0.727108
1	0.719749
1	0.761757
1	0.676534
1	0.664342
1	0.574279
1	0.816789
1	0.655508
1	0.765637
1	0.81857
1	0.713687
1	0.705766
1	0.812074
1	0.700548
1	0.598149
1	0.766182
1	0.702627
1	0.800896
1	0.667305
1	0.762329
1	0.628421
1	0.694212
1	0.719706
1	0.68403
1	0.732054
1	0.671045
1	0.747839
1	0.699908
1	0.780879
1	0.766667
1	0.649305
1	0.762993
1	0.592548
1	0.672868
1	0.689649
1	0.663046
1	0.688251
1	0.629718
1	0.56404
1	0.771916
1	0.7127
1	0.707427
1	0.640606
1	0.885555
1	0.781617
1	0.764092
1	0.791561
1	0.789772
1	0.7926
1	0.748217
1	0.771902
1	0.649895
1	0.49533
1	0.577965
1	0.552982
1	0.531511
1	0.487086
1	0.748012
1	0.566286
1	0.640364
1	0.473862
1	0.521144
1	0.629124
1	0.554102
1	0.405476
1	0.80542
1	0.66608
1	0.63431
1	0.751554
1	0.776311
1	0.536816
1	0.611162
1	0.650643
1	0.616309
1	0.785129
1	0.644413
1	0.550202
1	0.834066
1	0.701067
1	0.873609
1	0.447561
1	0.613431
1	0.531592
1	0.747764
1	0.793112
1	0.765157
1	0.669047
1	0.731063
1	0.790213
1	0.60369
1	0.421785
1	0.586536
1	0.716239
1	0.742056
1	0.692553
1	0.688784
1	0.736815
1	0.433962
1	0.697081
1	0.494705
1	0.696404
1	0.525843
1	0.858943
1	0.552107
1	0.664638
1	0.660817
1	0.846296
1	0.593637
1	0.675433
1	0.6931
1	0.385324
1	0.50378
1	0.650593
1	0.795685
1	0.727323
1	0.869176
1	0.772326
-1	-0.0195922
-1	-0.0428487
-1	0.0649781
-1	-0.172619
-1	-0.0499018
-1	0.138844
-1	-0.0526481
-1	0.160909
-1	-0.0357661
-1	-0.113505
-1	0.113848
-1	-0.0350634
-1	0.0684574
-1	0.0333671
-1	-0.0976354
-1	-0.189671
-1	0.174702
-1	0.124403
-1	-0.159815
-1	0.0307054
-1	0.0400594
-1	-0.00444841
-1	0.0260109
-1	-0.0637316
-1	0.134455
-1	-0.0334095
-1	0.0437882
-1	0.274392
-1	-0.186408
-1	0.0162227
-1	-0.00465541
-1	0.12392
-1	-0.268655
-1	0.236521
-1	-0.0637082
-1	0.0690976
-1	-0.0306929
-1	0.212452
-1	0.17307
-1	0.102632
-1	-0.0802648
-1	-0.0519896
-1	-0.0372808
-1	0.20828
-1	0.0718772
-1	0.208823
-1	0.0265203
-1	0.00695339
-1	0.0263869
-1	0.0104662
-1	0.253514
-1	0.112183
-1	0.0773249
-1	-0.029487
-1	0.0620071
-1	0.1505
-1	-0.076129
-1	-0.125808
-1	-0.00544225
-1	0.160513
-1	-0.0437806
-1	0.117334
-1	-0.0893615
-1	0.026106
-1	0.0391524
-1	0.174968
-1	0.00527697
-1	0.0575222
-1	-0.0832085
-1	0.0321273
-1	0.0189122
-1	0.144727
-1	0.160751
-1	0.185063
-1	0.0962654
-1	0.170016
-1	-0.0265129
-1	-0.0526996
-1	0.163749
-1	0.287427
-1	0.082356
-1	0.119012
-1	0.0803604
-1	-0.0647752
-1	0.0317284
-1	-0.0504622
-1	0.019596
-1	-0.0768903
-1	0.0506593
-1	-0.0412944
-1	-0.21351
-1	0.155146
-1	0.123895
-1	0.120525
-1	0.261308
-1	0.119845
-1	0.0578078
-1	0.239065
-1	0.0609367
-1	0.0508741
-1	-0.2088
-1	0.104105
-1	-0.17591
-1	0.199947
-1	0.0639668
-1	-0.0407787
-1	-0.240493
-1	-0.012529
-1	0.0859434
-1	-0.113142
-1	0.172881
-1	0.0537963
-1	-0.0504456
-1	-0.0144758
-1	-0.113333
-1	-0.0339136
-1	-0.0335235
-1	0.0486496
-1	0.0463424
-1	0.303767
-1	0.123649
-1	0.278744
-1	0.0819992
-1	0.0354258
-1	0.0628376
-1	-0.0445179
-1	0.0151199
-1	0.048273
-1	-0.0130283
-1	-0.0557506
-1	0.0541198
-1	-0.0431595
-1	0.195851
-1	-0.0675878
-1	-0.106634
-1	-0.03404
-1	-0.153047
-1	0.0778706
-1	0.301442
-1	-0.159648
-1	0.226114
-1	0.111093
-1	-0.0583617
-1	-0.0210253
-1	-0.0764634
-1	-0.0173156
-1	-0.0785827
-1	0.164361
-1	-0.157359
-1	-0.117421
-1	0.0247488
-1	0.164629
-1	0.316476
-1	0.00435711
-1	0.098829
-1	0.0108013
-1	0.0995167
-1	-0.00834009
-1	0.191268
-1	0.10902
-1	-0.168
-1	0.0400229
-1	0.122334
-1	0.245034
-1	-0.0163338
-1	0.207936
-1	-0.0872039
-1	-0.012092
-1	0.00731328
-1	-0.00441825
-1	0.15192
-1	0.0200172
-1	-0.0785814
-1	0.0623643
-1	-0.0960591
-1	0.0691619
-1	-0.0018732
-1	0.0620874
-1	-0.192687
-1	0.103797
-1	-0.0611003
-1	0.0677349
-1	0.151495
-1	-0.209888
-1	-0.0301312
-1	-0.10948
-1	0.0491851
-1	0.313589
-1	0.0517319
-1	0.147763
-1	0.276437
-1	-0.0870557
-1	-0.017155
-1	-0.0073613
-1	0.153322
-1	-0.156496
-1	-0.124577
-1	-0.0299259
-1	0.361942
-1	0.0314984
-1	-0.180689
-1	-0.0551985
-1	0.0446507
-1	-0.0409148
-1	-0.125625
-1	0.0117239
-1	-0.0791297
-1	0.0896475
-1	-0.0203548
-1	-0.0144469
-1	0.193418
-1	0.0327691
-1	0.123871
-1	0.103316
-1	0.0232973
-1	0.1401
-1	-0.0290627
-1	-0.125556
-1	-0.0465873
-1	0.0284777
-1	-0.0896453
-1	-0.252056
-1	0.155606
-1	0.0210849
-1	-0.0671661
-1	0.204673
-1	0.0512525
-1	0.0312592
-1	0.0181822
-1	0.0737172
-1	0.0660037
-1	0.0448637
-1	-0.0695838
-1	-0.0956709
-1	0.01215
-1	-0.0237526
-1	0.173297
-1	-0.0514858
-1	0.0435215
-1	0.0462069
-1	0.0301258
-1	-0.00160903
-1	-0.0405894
-1	-0.0312923
-1	0.0342764
-1	-0.0136272
-1	0.310571
-1	-0.0161837
-1	-0.122831
-1	0.26401
-1	0.171399
-1	0.0664772
-1	0.0106033
-1	0.0500688
-1	0.0254155
-1	0.118942
-1	0.22708
-1	-0.0531694
-1	-0.0387662
-1	0.202538
-1	0.147267
-1	0.407601
-1	0.127387
-1	0.0290352
-1	0.051906
-1	0.0946371
-1	0.220604
-1	0.0651186
-1	0.0403097
-1	0.0268668
-1	0.0222812
-1	0.0463494
-1	-0.0275557
-1	-0.21599
-1	-0.0211815
-1	-0.161093
-1	0.175673
-1	-0.00746458
-1	-0.0072959
-1	-0.00938196
-1	0.0305624
-1	-0.0174709
-1	-0.0544925
-1	0.132825
-1	-0.0367404
-1	0.0254418
-1	0.110174
-1	-0.00637662
-1	0.143891
-1	-0.19428
-1	0.0120052
-1	-0.0756083
-1	0.0953244
-1	0.142344
-1	-0.0601004
-1	0.154462
-1	-0.0302226
-1	-0.0335687
-1	-0.106688
-1	0.099557
