-1	0.0144139
-1	0.0565988
-1	-0.00843887
-1	0.00567645
-1	0.111165
-1	0.0134509
-1	0.0262913
-1	0.0255338
-1	0.109416
-1	0.0373678
-1	-0.0366865
-1	-0.0530479
-1	0.0355013
-1	-0.149364
-1	0.10564
-1	0.0417499
-1	0.000225069
-1	0.0584546
-1	-0.0672788
-1	-0.027263
-1	0.140249
-1	0.110376
-1	0.0818527
-1	-0.139591
-1	0.171181
-1	0.104
-1	0.102222
-1	0.205725
-1	0.032582
-1	-0.00210789
-1	0.106584
-1	0.103785
-1	0.0249584
-1	0.143831
-1	0.185779
-1	0.114379
-1	0.0458077
-1	-0.0128531
-1	0.0283122
-1	-0.147714
-1	0.0923851
-1	0.0557561
-1	0.226999
-1	0.0938368
-1	0.140632
-1	0.0384594
-1	-0.00393919
-1	0.257338
-1	0.136489
-1	0.117135
-1	0.0370469
-1	0.0567231
-1	-0.0150825
-1	0.0363927
-1	-0.0162462
-1	-0.0334475
-1	-0.00985862
-1	0.000323215
-1	0.239402
-1	0.146463
-1	0.167784
-1	-0.0637931
-1	-0.0681177
-1	0.0931428
-1	-0.0342571
-1	-0.0535195
-1	-0.0437822
-1	0.0437797
-1	-0.0412944
-1	0.0395162
-1	0.067007
-1	-0.0585797
-1	-0.161019
-1	0.142234
1	0.71468
1	0.673529
1	0.798788
1	0.799453
1	0.700862
1	0.512701
1	0.717702
1	0.427991
1	0.564028
1	0.660218
1	0.672315
1	0.759099
1	0.803799
1	0.713629
1	0.671831
1	0.647157
1	0.526493
1	0.458152
1	0.557187
1	0.546252
1	0.497579
1	0.656287
1	0.580829
1	0.542874
1	0.691384
1	0.320667
1	0.479213
1	0.515822
1	0.440405
1	0.295882
1	0.575875
1	0.609661
1	0.716874
1	0.440342
1	0.713839
1	0.649216
1	0.676633
1	0.543525
1	0.676259
1	0.653819
1	0.521144
1	0.624148
1	0.801601
1	0.651817
1	0.684107
1	0.678847
1	0.633923
1	0.788669
1	0.621223
1	0.497698
1	0.52705
1	0.573773
1	0.434112
1	0.609983
1	0.663702
1	0.205939
1	0.6632
1	0.391078
1	0.657895
1	0.514325
1	0.553324
1	0.560672
1	0.620006
1	0.64832
1	0.552403
1	0.753964
1	0.475934
1	0.516098
1	0.564625
1	0.439521
1	0.591136
1	0.526805
1	0.500041
1	0.593616
1	0.440761
1	0.676913
1	0.5332
1	0.541797
1	0.708605
1	0.704221
1	0.639642
1	0.502469
1	0.571488
1	0.682086
1	0.627617
1	0.580003
1	0.624802
1	0.72053
1	0.853256
1	0.531416
1	0.647248
1	0.672112
1	0.730376
1	0.629699
1	0.664676
1	0.527995
1	0.809364
1	0.569344
1	0.550987
1	0.72399
1	0.605689
1	0.73786
1	0.877299
1	0.659341
1	0.613203
1	0.718239
1	0.614763
1	0.633977
1	0.555529
1	0.551165
1	0.502904
1	0.741468
1	0.606669
1	0.66445
1	0.691914
1	0.45816
1	0.751844
1	0.687017
1	0.488982
1	0.519753
1	0.742764
1	0.723073
1	0.565174
1	0.528931
1	0.620277
1	0.54082
1	0.601831
1	0.67409
1	0.52212
1	0.512813
1	0.73195
1	0.552743
1	0.641607
1	0.654583
1	0.636045
1	0.607896
1	0.557906
1	0.661653
1	0.707327
1	0.619909
1	0.443577
1	0.798295
1	0.728999
1	0.655273
1	0.607825
1	0.572738
1	0.498285
1	0.42734
1	0.625412
1	0.338616
1	0.489906
1	0.42366
1	0.787352
1	0.779164
1	0.67775
1	0.86499
1	0.669044
1	0.656895
1	0.828128
1	0.646482
1	0.715936
1	0.476875
1	0.667896
1	0.646477
1	0.522092
1	0.511911
1	0.677052
1	0.691969
1	0.75623
1	0.618078
1	0.600731
1	0.757309
1	0.551503
1	0.424779
1	0.502104
1	0.775442
1	0.786848
1	0.470225
1	0.413616
1	0.777163
1	0.609647
1	0.718208
1	0.801207
1	0.816864
1	0.521683
1	0.573017
1	0.452377
1	0.446843
1	0.473472
1	0.659989
1	0.798507
1	0.650647
1	0.490489
1	0.75801
1	0.444296
1	0.482666
1	0.669339
1	0.774332
1	0.714966
1	0.700476
1	0.729766
1	0.621168
1	0.603997
1	0.657586
1	0.659676
1	0.512728
1	0.546857
1	0.666343
1	0.616522
1	0.671499
1	0.7152
1	0.7186
1	0.496156
1	0.623319
1	0.569175
1	0.549214
1	0.853349
1	0.47886
1	0.63622
1	0.588082
1	0.665215
1	0.596386
1	0.582845
1	0.55604
1	0.749419
1	0.759095
1	0.478958
1	0.580689
1	0.723198
1	0.330501
1	0.708622
1	0.391117
1	0.608685
1	0.789968
1	0.749272
1	0.573794
1	0.665324
1	0.623042
1	0.516374
1	0.507947
1	0.664598
1	0.338133
1	0.459771
1	0.520823
1	0.337183
1	0.754148
1	0.361247
1	0.477065
1	0.60779
1	0.561491
1	0.555408
1	0.498919
1	0.664572
1	0.656732
1	0.633429
1	0.631238
1	0.518295
1	0.708481
1	0.764921
1	0.527385
1	0.702428
1	0.493152
1	0.535624
1	0.862082
1	0.600266
1	0.741057
1	0.76806
1	0.483959
1	0.674411
1	0.695997
1	0.407356
1	0.623317
1	0.407484
1	0.588469
1	0.547628
1	0.485563
1	0.663148
1	0.679533
1	0.60867
1	0.543932
1	0.566614
1	0.439699
1	0.649562
1	0.785803
1	0.75277
1	0.501391
1	0.337509
1	0.548941
1	0.429201
1	0.676335
1	0.671573
1	0.741694
1	0.520422
1	0.61713
1	0.578405
1	0.744828
1	0.710344
1	0.731813
1	0.581391
1	0.481951
-1	0.0843863
-1	-0.00998378
-1	0.0178567
-1	0.147781
-1	0.0847978
-1	0.139388
-1	-0.0898382
-1	0.118196
-1	-0.0719844
-1	0.0239445
-1	0.121689
-1	0.042937
-1	0.152972
-1	0.0726059
-1	0.0922468
-1	-0.0168033
-1	0.00564882
-1	0.154944
-1	0.0816057
-1	0.0976338
-1	0.205623
-1	0.114631
-1	0.0399477
-1	-0.0432659
-1	0.0248772
-1	0.0500724
-1	0.0384215
-1	0.0936761
-1	-0.00395262
-1	0.0839226
-1	-0.0480118
-1	0.0680022
-1	0.130568
-1	0.136401
-1	0.011728
-1	0.0309719
-1	0.124412
-1	0.0157352
-1	0.0836043
-1	-0.0430693
-1	0.0633523
-1	0.138278
-1	0.0536828
-1	0.100796
-1	-0.040374
-1	0.0204152
-1	0.0392648
-1	-0.0612858
-1	0.0630969
-1	0.0634183
-1	0.0314995
-1	0.0464775
-1	-0.0320206
-1	0.08204
-1	0.0882295
-1	0.0388311
-1	0.189946
-1	0.111802
-1	0.0321855
-1	-0.139734
-1	0.145245
-1	0.135101
-1	0.0928316
-1	0.104018
-1	-0.0939324
-1	-0.0938713
-1	0.0149279
-1	-0.028607
-1	0.0684281
-1	0.0842024
-1	0.0671444
-1	-0.00402017
-1	0.0204089
-1	0.0572004
-1	0.208894
-1	0.00837796
-1	0.175256
-1	-0.0187749
-1	0.0745664
-1	0.0158476
-1	-0.00800539
-1	0.131166
-1	0.0776077
-1	-0.0545377
-1	0.0274208
-1	-0.0173655
-1	-0.0492903
-1	0.186212
-1	0.0150796
-1	0.0795484
-1	0.0379409
-1	0.0839572
-1	-0.101907
-1	-0.0192462
-1	0.036847
-1	0.0480471
-1	-0.00572872
-1	0.0230574
-1	0.133759
-1	0.118853
-1	0.190878
-1	0.0229365
-1	0.171097
-1	0.08806
-1	0.0213545
-1	0.00645957
-1	0.0518565
-1	0.0583301
-1	0.0999809
-1	-0.1202
-1	0.00937117
-1	0.0785238
-1	-0.0109636
-1	0.103244
-1	-0.101626
-1	-0.0173769
-1	0.0950314
-1	-0.15403
-1	0.0796155
-1	0.0832295
-1	0.00582165
-1	0.0580799
-1	-0.0211932
-1	-0.0787215
-1	0.044827
-1	0.036586
-1	-0.0700878
-1	0.151144
-1	0.0119907
-1	0.0411019
-1	-0.148984
-1	0.0586873
-1	-0.0035017
-1	-0.00229063
-1	-0.122376
-1	-0.103835
-1	0.152569
-1	0.0103521
-1	0.102569
-1	0.130572
-1	0.0579156
-1	0.182889
-1	0.12969
-1	0.267827
-1	-0.00876197
-1	0.0474723
-1	0.104563
-1	-0.0279953
-1	-0.0198418
-1	0.0109583
-1	0.0370908
-1	0.0563714
-1	0.0996092
-1	-0.0202656
-1	0.154253
-1	0.0562076
-1	0.0726425
-1	-0.120752
-1	0.229615
-1	0.200683
-1	0.0419041
-1	0.0406071
-1	0.054636
-1	0.0991923
-1	0.016407
-1	-0.123989
-1	-0.0170897
-1	0.0633559
-1	-0.0956317
-1	-0.0279331
-1	0.0403047
-1	0.121972
-1	0.132254
-1	-0.115272
-1	0.113149
-1	-0.0378321
-1	0.0416352
-1	0.0507585
-1	0.0794949
-1	0.0973394
-1	0.172719
-1	0.00228982
-1	-0.0937177
-1	0.0264571
-1	0.0667256
-1	0.0113941
-1	0.0057525
-1	-0.0103128
-1	-0.0200027
-1	0.178677
-1	0.134247
-1	0.0766055
-1	-0.0079365
-1	0.0841351
-1	-0.0796268
-1	-0.0661507
-1	0.156561
-1	0.111661
-1	0.0854575
-1	0.00269287
-1	-0.113017
-1	0.110246
-1	-0.0405546
-1	0.0192959
-1	0.15181
-1	-0.0384002
-1	0.078181
-1	0.049613
-1	0.0206486
-1	0.0442118
-1	-0.0500616
-1	0.0587614
-1	-0.102793
-1	0.11993
-1	-0.150518
-1	0.0986937
-1	0.0569939
-1	0.149543
-1	-0.0255924
-1	-0.0548887
-1	0.117409
-1	-0.146416
-1	0.240009
-1	-0.00147255
-1	0.0487719
-1	0.198862
-1	-0.0558549
-1	-0.101983
-1	0.0410266
-1	0.0576491
-1	-0.00211532
-1	-0.00228155
-1	0.0648951
-1	-0.0926192
-1	0.121044
-1	0.0889582
-1	0.0715381
-1	0.0160781
-1	-0.101002
-1	0.137801
-1	-0.0541396
-1	0.00974235
-1	-0.0260478
-1	-0.0150286
-1	0.215827
-1	0.058961
-1	0.0644853
-1	0.0148525
-1	-0.0145876
-1	0.00199567
-1	0.0281272
-1	0.0935736
-1	0.0856828
-1	-0.00879503
-1	0.123311
-1	0.100329
-1	0.0814244
-1	0.0748362
-1	0.233306
-1	0.00652529
-1	0.109832
-1	0.0920026
-1	-0.00163751
-1	0.148553
-1	0.00314881
-1	-0.00681281
-1	-0.166452
-1	0.0119281
-1	0.0514619
-1	0.0615052
-1	0.0199757
-1	0.0914882
-1	0.0408105
-1	0.107256
-1	0.0284538
-1	0.158879
-1	0.0854628
-1	0.119889
-1	-0.0438489
-1	0.0526235
-1	-0.0473401
-1	0.204743
-1	0.0680618
-1	0.121991
-1	0.146121
-1	0.0183021
-1	0.0076467
-1	-0.0942385
-1	0.13172
-1	0.0687108
-1	0.136553
-1	0.0531287
-1	0.0608854
-1	0.179848
-1	-0.127438
-1	0.0697559
-1	0.0803725
-1	-0.0188232
-1	-0.0557986
-1	0.0131522
1	0.61197
1	0.70176
1	0.64529
1	0.576185
1	0.66902
1	0.367575
1	0.546303
1	0.883811
1	0.608066
1	0.70363
1	0.625675
1	0.627075
1	0.65979
1	0.618498
1	0.6839
1	0.571102
1	0.495264
1	0.585538
1	0.810876
1	0.830061
1	0.85713
1	0.530992
1	0.525055
1	0.478884
1	0.688144
1	0.611112
1	0.597116
1	0.416529
1	0.212818
1	0.189354
1	0.26493
1	0.68145
1	0.669611
1	0.271638
1	0.389734
1	0.435729
1	0.52052
1	0.634154
1	0.650509
1	0.55008
1	0.637067
1	0.669066
1	0.623199
1	0.834885
1	0.680815
1	0.3501
1	0.554797
1	0.468855
1	0.597207
1	0.688541
1	0.643212
1	0.585338
1	0.753777
1	0.645743
1	0.533815
1	0.604819
1	0.6692
1	0.687423
1	0.798864
1	0.713127
1	0.67606
1	0.701711
1	0.698151
1	0.673482
1	0.635067
1	0.769247
1	0.574811
1	0.257972
1	0.303841
1	0.361627
1	0.378778
1	0.527829
1	0.591686
1	0.511684
1	0.423966
1	0.45215
1	0.563393
1	0.615442
1	0.615565
1	0.671292
1	0.741809
1	0.799434
1	0.717057
1	0.518081
1	0.733319
1	0.64413
1	0.718962
1	0.685396
1	0.58091
1	0.556187
1	0.586353
1	0.632363
1	0.692108
1	0.516752
1	0.598281
1	0.607466
1	0.542918
1	0.509723
1	0.613633
1	0.500045
1	0.832346
1	0.52985
1	0.805652
1	0.66981
1	0.650331
1	0.590211
1	0.688552
1	0.43202
1	0.705595
1	0.570301
1	0.453866
1	0.539363
1	0.747116
1	0.643905
1	0.734582
1	0.728453
1	0.744285
1	0.792395
1	0.819521
1	0.825449
1	0.717339
1	0.705484
1	0.652728
1	0.816774
1	0.638829
1	0.456287
1	0.5109
1	0.586446
1	0.510096
1	0.417279
1	0.593265
1	0.469746
1	0.747431
1	0.641236
1	0.752942
1	0.575
1	0.575163
1	0.744438
1	0.528276
1	0.739522
1	0.385591
1	0.41159
1	0.360553
1	0.474719
1	0.302622
1	0.591067
1	0.434093
1	0.863793
1	0.770749
1	0.70883
1	0.614361
1	0.711672
1	0.467173
1	0.47221
1	0.665541
1	0.60685
1	0.644845
1	0.710224
1	0.312007
1	0.614592
1	0.624723
1	0.555336
1	0.52264
1	0.916517
1	0.645601
1	0.671925
1	0.728359
1	0.802836
1	0.772372
1	0.815041
1	0.510505
1	0.504992
1	0.477623
1	0.603357
1	0.746491
1	0.723273
1	0.789
1	0.772729
1	0.551235
1	0.416372
1	0.793267
1	0.551287
1	0.786231
1	0.523042
1	0.653402
1	0.732855
1	0.788671
1	0.700084
1	0.459128
1	0.660495
1	0.668981
1	0.596604
1	0.661596
1	0.592672
1	0.676683
1	0.46366
1	0.686537
1	0.552241
1	0.600002
1	0.655631
1	0.556131
1	0.601478
1	0.587742
1	0.495944
1	0.725361
1	0.651141
1	0.557984
1	0.716831
1	0.67965
1	0.593805
1	0.5172
1	0.424799
1	0.777328
1	0.266092
1	0.790805
1	0.828459
1	0.451606
1	0.422933
1	0.689916
1	0.454301
1	0.294496
1	0.467583
1	0.645971
1	0.702183
1	0.676379
1	0.68042
1	0.63374
1	0.607827
1	0.539314
1	0.733595
1	0.578786
1	0.641873
1	0.636399
1	0.574154
1	0.500211
1	0.705512
1	0.50711
1	0.665442
1	0.294019
1	0.8417
1	0.637539
1	0.624315
1	0.634011
1	0.52978
1	0.482865
1	0.713791
1	0.67647
1	0.588807
1	0.469554
1	0.579131
1	0.577597
1	0.568844
1	0.598777
1	0.666464
1	0.734483
1	0.738011
1	0.557431
1	0.911147
1	0.773449
1	0.645067
1	0.834048
1	0.338162
1	0.626637
1	0.633645
1	0.497942
1	0.322524
1	0.641187
1	0.436927
1	0.569846
1	0.730334
1	0.712176
1	0.638852
1	0.687218
1	0.314742
1	0.654437
1	0.703391
1	0.686368
1	0.708092
1	0.511889
1	0.707177
1	0.418417
1	0.64778
1	0.655616
1	0.564855
1	0.364192
1	0.608538
1	0.586006
1	0.571455
1	0.706586
1	0.582818
1	0.623869
1	0.687261
1	0.514606
1	0.658851
1	0.582829
1	0.611639
1	0.801439
1	0.606828
1	0.656287
1	0.605689
-1	0.0254071
-1	-0.00822452
-1	-0.12767
-1	0.125286
-1	0.136365
-1	0.140179
-1	-0.014611
-1	-0.10833
-1	-0.0420476
-1	-0.0262085
-1	0.0965362
-1	0.000866764
-1	0.101344
-1	-0.167016
-1	-0.0489096
-1	0.130508
-1	0.0840285
-1	0.0153294
-1	0.0594382
-1	-0.044225
-1	0.0637165
-1	-0.0417938
-1	0.086046
-1	0.0480717
-1	-0.049923
-1	-0.054605
-1	0.111745
-1	0.114682
-1	0.0482573
-1	0.19636
-1	-0.0670707
-1	-0.0440397
-1	-0.0143487
-1	0.0924046
-1	0.0146378
-1	0.0386976
-1	-0.0820073
-1	0.179086
-1	0.23584
-1	-0.0638461
-1	0.142662
-1	0.0754174
-1	0.0759268
-1	0.0488313
-1	0.0507488
-1	-0.00423896
-1	-0.00567623
-1	0.0545396
-1	0.0730052
-1	-0.0415659
-1	-0.0780903
-1	-0.0126616
-1	0.0241592
-1	0.185679
-1	0.244059
-1	-0.0493789
-1	-0.0148132
-1	-0.0283122
-1	0.045193
-1	-0.096767
-1	0.0702934
-1	0.154987
-1	0.111247
-1	-0.0459322
-1	0.00741348
-1	0.0807021
-1	-0.122004
-1	0.109512
-1	0.136387
-1	0.00876054
-1	-0.0933473
-1	-0.0869748
-1	0.0939613
-1	0.273294
-1	0.00434894
-1	-0.0043649
-1	0.139406
-1	-0.0180121
-1	0.185963
-1	0.180746
-1	0.0864152
-1	0.036976
-1	0.215261
-1	0.0410249
-1	-0.0853169
-1	0.0501465
-1	0.0953645
-1	-0.0372995
-1	0.067905
-1	0.165226
-1	0.135906
-1	0.0767843
-1	0.003704
-1	0.0310847
-1	-0.00219169
-1	0.00248049
-1	0.0606683
-1	0.042267
-1	0.0773653
-1	0.0496905
-1	0.161595
-1	-0.00782865
-1	0.142172
-1	0.139758
-1	0.179312
-1	0.126052
-1	0.0143136
-1	0.117703
-1	-0.0172886
-1	0.07551
-1	0.0129444
-1	-0.00954947
-1	-0.0355727
-1	-0.0459328
-1	0.0923436
-1	0.147402
-1	0.0744895
-1	0.119086
-1	0.115868
-1	0.292168
-1	0.0543919
-1	0.0715726
-1	0.026351
-1	0.0494689
-1	0.0842477
-1	0.0601318
-1	0.047092
-1	0.0499534
-1	0.148709
-1	-0.190222
-1	0.113418
-1	0.0472217
-1	0.269875
-1	0.129906
-1	-0.0222446
-1	-0.0164516
-1	0.0588296
-1	-0.0436851
-1	-0.024361
-1	0.0573275
-1	0.00920337
-1	-0.155713
-1	0.204174
-1	0.00241783
-1	-0.0234238
-1	-0.117807
-1	0.109952
-1	0.0726968
-1	0.187186
-1	-0.0510134
-1	0.0607515
-1	0.0644204
-1	0.00633963
-1	-0.0218971
-1	-0.0247959
-1	0.0061328
-1	-0.0200244
-1	-0.167021
-1	-0.0207231
-1	0.259405
-1	0.140308
-1	-0.0760273
-1	-0.113239
-1	-0.0599921
-1	0.0290169
-1	0.0313654
-1	0.102394
-1	0.10951
-1	0.10639
-1	0.00896598
-1	0.0702499
-1	-0.0176032
-1	0.0902681
-1	0.0493768
-1	-0.0249514
-1	0.126344
-1	0.000458663
-1	0.00724147
-1	0.0702316
-1	-0.106568
-1	0.134936
-1	0.0301985
-1	0.0423217
-1	0.0465458
-1	0.0227736
-1	0.0239515
-1	0.0999993
-1	-0.0392748
-1	0.0272687
-1	0.127799
-1	0.105559
-1	-0.0523573
-1	-0.0870434
-1	0.16739
-1	0.135916
-1	0.0231196
-1	0.180224
-1	0.158274
-1	0.0860326
-1	0.0753549
-1	0.105493
-1	0.0216967
-1	0.183386
-1	0.0511476
-1	-0.0644292
-1	0.0334378
-1	0.0490364
-1	0.0592699
-1	-0.15616
-1	0.110711
-1	0.0230099
-1	0.0900658
-1	-0.0277749
-1	0.0681912
-1	0.0291924
-1	0.158738
-1	-0.0463892
-1	-0.118587
-1	-0.0954915
-1	0.0323449
-1	-0.0152516
-1	0.166215
-1	-0.0154067
-1	0.0171895
-1	0.133549
-1	-0.0374323
-1	0.131231
-1	0.1475
-1	0.0625514
-1	-0.0353329
-1	0.0313374
-1	-0.0367142
-1	-0.0791471
-1	0.020096
-1	0.175098
-1	0.0132144
-1	0.0335523
-1	-0.0593963
-1	-0.0917167
-1	-0.0171827
-1	-0.0329513
-1	0.116371
-1	0.20766
-1	0.101006
-1	0.240531
-1	0.131108
-1	0.068183
-1	0.0618078
-1	0.0319326
-1	0.106531
-1	0.165187
-1	-0.0181206
-1	0.0396522
-1	0.23317
-1	0.218116
-1	0.0579956
-1	-0.163483
-1	-0.00455352
-1	0.09975
-1	-0.136211
-1	0.114479
-1	0.0436977
-1	0.0880019
-1	0.117931
-1	0.124131
-1	0.0697296
-1	0.0522278
-1	-0.067145
-1	0.00406257
-1	0.0622689
-1	0.077767
-1	0.179332
-1	-0.0198091
-1	-1.31623e-05
-1	0.0141149
-1	-0.0362804
-1	0.0878091
-1	0.112064
-1	0.0935944
-1	0.0569924
-1	0.119881
-1	0.0541276
-1	0.0510569
-1	0.045115
-1	-0.0469479
-1	-0.00241652
-1	-0.0466305
-1	0.160446
-1	0.0453315
-1	0.138116
-1	-0.00314553
-1	0.151379
-1	0.0675049
-1	0.0877509
-1	0.164935
-1	0.10968
-1	0.0767691
-1	-0.0573712
-1	0.107998
-1	0.0630737
1	0.695477
1	0.379728
1	0.522604
1	0.563174
1	0.420394
1	0.578117
1	0.724179
1	0.704404
1	0.610509
1	0.747503
1	0.598647
1	0.712979
1	0.348034
1	0.330043
1	0.476345
1	0.417339
1	0.541396
1	0.66
1	0.449489
1	0.453019
1	0.28117
1	0.530278
1	0.652877
1	0.672348
1	0.786777
1	0.643268
1	0.697638
1	0.635057
1	0.663464
1	0.565677
1	0.584988
1	0.470333
1	0.459674
1	0.339261
1	0.617785
1	0.706391
1	0.825115
1	0.746982
1	0.543567
1	0.666909
1	0.722353
1	0.77651
1	0.584529
1	0.249899
1	0.691989
1	0.357344
1	0.509486
1	0.859834
1	0.664385
1	0.533343
1	0.64372
1	0.317079
1	0.707875
1	0.292269
1	0.639413
1	0.602617
1	0.718006
1	0.595358
1	0.643889
1	0.730694
1	0.742044
1	0.0170884
1	0.700106
1	0.583322
1	0.513742
1	0.628356
1	0.614067
1	0.519515
1	0.594304
1	0.595882
1	0.591702
1	0.493019
1	0.501954
1	0.455211
1	0.602238
1	0.456597
1	0.583414
1	0.507582
1	0.381718
1	0.499407
1	0.589894
1	0.567523
1	0.582677
1	0.563917
1	0.806815
1	0.759919
1	0.680027
1	0.309784
1	0.828457
1	0.853929
1	0.886815
1	0.714423
1	0.703128
1	0.874441
1	0.444036
1	0.624765
1	0.606566
1	0.682131
1	0.603626
1	0.592897
1	0.571674
1	0.885079
1	0.740422
1	0.289777
1	0.867827
1	0.480998
1	0.582261
1	0.571248
1	0.797417
1	0.631693
1	0.685955
1	0.587055
1	0.622371
1	0.680767
1	0.69356
1	0.7521
1	0.767187
1	0.42791
1	0.30812
1	0.220077
1	0.685098
1	0.826103
1	0.464397
1	0.565366
1	0.624295
1	0.460853
1	0.629533
1	0.615796
1	0.372842
1	0.553212
1	0.644853
1	0.35507
1	0.454477
1	0.655605
1	0.740187
1	0.765201
1	0.558964
1	0.554293
1	0.581094
1	0.761591
1	0.620892
1	0.686974
1	0.792943
1	0.520642
1	0.559065
1	0.724644
1	0.665727
1	0.473077
1	0.551503
1	0.511054
1	0.373
1	0.624741
1	0.651517
1	0.681864
1	0.79334
1	0.737639
1	0.606607
1	0.442885
1	0.653856
1	0.552834
1	0.601555
1	0.700963
1	0.595189
1	0.661543
1	0.62613
1	0.555799
1	0.645711
1	0.544594
1	0.568249
1	0.41222
1	0.578897
1	0.533475
1	0.691975
1	0.63737
1	0.571431
1	0.632938
1	0.536201
1	0.609552
1	0.421285
1	0.408577
1	0.405393
1	0.539191
1	0.749933
1	0.818175
1	0.785528
1	0.719027
1	0.586682
1	0.718502
1	0.679549
1	0.63741
1	0.441223
1	0.529478
1	0.71815
1	0.656396
1	0.762336
1	0.462686
1	0.388954
1	0.807177
1	0.758335
1	0.67027
1	0.702809
1	0.910412
1	0.733596
1	0.742204
1	0.466214
1	0.523594
1	0.279836
1	0.16516
1	0.473642
1	0.16242
1	0.934075
1	0.516075
1	0.489344
1	0.724704
1	0.692014
1	0.596217
1	0.363744
1	0.535493
1	0.624278
1	0.570576
1	0.488969
1	0.617019
1	0.669793
1	0.677549
1	0.60706
1	0.611654
1	0.493645
1	0.638222
1	0.539697
1	0.736463
1	0.577526
1	0.562547
1	0.948377
1	0.606594
1	0.718324
1	0.653052
1	0.599638
1	0.702526
1	0.544416
1	0.516874
1	0.410606
1	0.482242
1	0.355164
1	0.525322
1	0.467103
1	0.653011
1	0.594233
1	0.55636
1	0.427508
1	0.57398
1	0.537435
1	0.401154
1	0.561965
1	0.649484
1	0.37645
1	0.327513
1	0.523697
1	0.474324
1	0.675199
1	0.607988
1	0.73177
1	0.596236
1	0.844061
1	0.6934
1	0.514206
1	0.473966
1	0.73404
1	0.419569
1	0.674769
1	0.524522
1	0.614505
1	0.68198
1	0.427049
1	0.647911
1	0.512408
1	0.323924
1	0.54384
1	0.635197
1	0.584837
1	0.641665
1	0.488818
1	0.441944
1	0.555762
1	0.62799
1	0.630581
1	0.667651
1	0.660802
1	0.681021
1	0.579343
1	0.634269
1	0.693494
1	0.852074
1	0.680141
1	0.669629
1	0.744216
1	0.652799
1	0.596235
1	0.63856
1	0.724816
1	0.601119
-1	-0.00734326
-1	0.132629
-1	0.00135694
-1	0.152658
-1	0.149249
-1	0.108284
-1	0.0890377
-1	0.137966
-1	0.093348
-1	0.0832669
-1	0.0953782
-1	0.0242182
-1	0.000104757
-1	0.0258342
-1	0.0627111
-1	-0.111063
-1	0.117149
-1	0.10626
-1	0.118829
-1	0.240966
-1	-0.0436275
-1	-0.0706232
-1	0.111037
-1	0.108162
-1	-0.0718432
-1	0.0108018
-1	-0.0545626
-1	0.0116609
-1	0.129318
-1	0.0397932
-1	-0.00527205
-1	-0.0286456
-1	0.0669208
-1	0.192052
-1	0.22781
-1	-0.00583037
-1	0.0142741
-1	0.138681
-1	0.109427
-1	-0.0257629
-1	-0.0948089
-1	0.138677
-1	-0.0653542
-1	0.158653
-1	0.0422411
-1	0.0628008
-1	0.000401327
-1	-0.116646
-1	0.0258406
-1	-0.0180233
-1	-0.0011893
-1	0.0124648
-1	0.033388
-1	0.200022
-1	0.0337757
-1	0.0198708
-1	0.10387
-1	0.00962484
-1	0.0906283
-1	0.111806
-1	-0.0205047
-1	0.102646
-1	0.0175692
-1	0.23155
-1	0.0486691
-1	-0.0254316
-1	-0.0343936
-1	0.09339
-1	-0.0518872
-1	-0.0304746
-1	0.0131847
-1	0.104697
-1	-0.0712472
-1	0.192647
-1	0.142898
-1	0.0391652
-1	0.103742
-1	0.00402189
-1	0.165796
-1	-0.122532
-1	-0.0639201
-1	0.0659443
-1	0.118436
-1	0.145285
-1	0.0776019
-1	-0.028471
-1	0.0138731
-1	-0.0606824
-1	0.208178
-1	-0.0710585
-1	-0.171547
-1	0.0930412
-1	0.0611184
-1	0.0110131
-1	0.038452
-1	0.0390666
-1	0.134932
-1	0.0899933
-1	0.0588944
-1	0.104267
-1	0.101469
-1	0.0267816
-1	-0.00523988
-1	0.0923926
-1	0.0744125
-1	0.0179742
-1	0.0547702
-1	0.0752106
-1	-0.00252261
-1	0.0270331
-1	-0.0572169
-1	-0.00108737
-1	0.0563476
-1	-0.040478
-1	0.127097
-1	0.0905719
-1	-0.00449279
-1	0.154012
-1	0.201125
-1	0.0181462
-1	-0.0926376
-1	0.101203
-1	0.000469337
-1	-0.0475125
-1	0.153112
-1	0.0966838
-1	-0.0159618
-1	0.0122552
-1	0.11702
-1	0.100061
-1	0.074387
-1	0.106467
-1	0.0228374
-1	0.0382522
-1	-0.0412676
-1	-0.0311817
-1	0.00845482
-1	-0.0399247
-1	0.199007
-1	0.176061
-1	-0.0163799
-1	-0.0462217
-1	-0.0898865
-1	-0.00156546
-1	-0.0572467
-1	0.0647097
-1	-0.0394619
-1	0.135915
-1	0.131511
-1	0.105048
-1	0.02306
-1	0.0358312
-1	-0.0747459
-1	-0.0259585
-1	0.134332
-1	0.0998725
-1	0.0748476
-1	-0.0510063
-1	0.0747844
-1	-0.00113677
-1	0.0179264
-1	0.0829802
-1	0.0722405
-1	-0.0140899
-1	0.121076
-1	-0.0101387
-1	-0.085095
-1	0.0977845
-1	-0.0208711
-1	0.002594
-1	0.151904
-1	-0.0315467
-1	0.20442
-1	0.148202
-1	0.0426806
-1	-0.0462192
-1	0.0687682
-1	-0.142175
-1	0.211326
-1	-0.126175
-1	-0.0495101
-1	0.101938
-1	0.106384
-1	0.0813662
-1	0.181051
-1	0.073499
-1	0.0309428
-1	0.0669066
-1	-0.0317103
-1	0.0361617
-1	0.0945491
-1	-0.0311786
-1	0.0749134
-1	0.169987
-1	-0.00328576
-1	0.0083316
-1	0.0639265
-1	0.174138
-1	0.258774
-1	0.19359
-1	-0.0229018
-1	0.0954855
-1	0.0510246
-1	0.113762
-1	0.0685091
-1	-0.00602781
-1	0.157005
-1	0.0569116
-1	0.0627173
-1	-0.0910563
-1	-0.0444442
-1	-0.0338373
-1	0.0193369
-1	0.078246
-1	0.0204272
-1	0.0908461
-1	0.0648635
-1	0.0662982
-1	-0.0620801
-1	0.0242514
-1	0.117341
-1	0.244639
-1	0.137081
-1	0.0706659
-1	0.114507
-1	0.141911
-1	0.0466108
-1	0.0323282
-1	-0.0536527
-1	0.213833
-1	-0.0586804
-1	0.170504
-1	0.234608
-1	-0.0636436
-1	0.047014
-1	0.069053
-1	0.0175204
-1	0.171285
-1	-0.0426753
-1	0.054196
-1	0.0592914
-1	0.134903
-1	0.0126628
-1	-0.0418981
-1	0.191046
-1	0.0211239
-1	0.0636886
-1	0.106068
-1	-0.00852854
-1	0.0573802
-1	0.122344
-1	-0.0323454
-1	0.0192975
-1	-0.0473178
-1	0.0828923
-1	0.0681654
-1	0.0364225
-1	0.079929
-1	0.0496998
-1	0.261439
-1	0.063379
-1	0.220936
-1	-0.0120355
-1	-0.03158
-1	-0.0272651
-1	0.112867
-1	0.124552
-1	0.0162127
-1	-0.0294495
-1	0.0279956
-1	0.0779086
-1	0.161098
-1	0.211038
-1	0.13406
-1	0.00727077
-1	-0.0665861
-1	0.0781514
-1	0.084612
-1	0.134542
-1	0.0941471
-1	0.00761873
-1	-0.052531
-1	0.115237
-1	0.0379342
-1	0.00210585
-1	0.00852585
-1	-0.0307756
-1	-0.0485752
-1	0.127761
-1	0.16365
-1	-0.0120989
-1	0.0192625
-1	0.0943173
-1	0.123072
-1	-0.025864
-1	-0.0218121
-1	0.0557642
-1	0.0261184
-1	0.0515326
-1	-0.0623867
1	0.647804
1	0.53773
1	0.568049
1	0.654154
1	0.52107
1	0.655907
1	0.522357
1	0.698644
1	0.617254
1	0.623766
1	0.594913
1	0.561605
1	0.739487
1	0.747437
1	0.443627
1	0.530861
1	0.64634
1	0.58018
1	0.437195
1	0.564748
1	0.607539
1	0.794871
1	0.641549
1	0.517849
1	0.595671
1	0.493542
1	0.37104
1	0.474644
1	0.453794
1	0.606462
1	0.636542
1	0.686859
1	0.630261
1	0.278524
1	0.22305
1	0.789863
1	0.541047
1	0.239926
1	0.454166
1	0.573026
1	0.54538
1	0.486204
1	0.652933
1	0.48385
1	0.540512
1	0.563178
1	0.580475
1	0.609357
1	0.681733
1	0.633847
1	0.778967
1	0.68076
1	0.551863
1	0.692182
1	0.60657
1	0.664099
1	0.540344
1	0.75522
1	0.748877
1	0.565918
1	0.627456
1	0.505395
1	0.705292
1	0.332514
1	0.464892
1	0.613748
1	0.815565
1	0.43388
1	0.603856
1	0.536903
1	0.815192
1	0.648324
1	0.686818
1	0.709485
1	0.854398
1	0.585051
1	0.627477
1	0.642656
1	0.58778
1	0.696564
1	0.766669
1	0.486222
1	0.525187
1	0.454536
1	0.529906
1	0.593454
1	0.581256
1	0.657407
1	0.619987
1	0.495193
1	0.599962
1	0.532227
1	0.541624
1	0.593338
1	0.842082
1	0.569214
1	0.572511
1	0.5203
1	0.0320774
1	0.615075
1	0.619146
1	0.693441
1	0.549668
1	0.62426
1	0.438316
1	0.427504
1	0.587233
1	0.429253
1	0.51592
1	0.565933
1	0.619076
1	0.711309
1	0.712411
1	0.651479
1	0.840639
1	0.661304
1	0.751862
1	0.697748
1	0.679107
1	0.67372
1	0.538014
1	0.368853
1	0.51611
1	0.518963
1	0.774282
1	0.736349
1	0.737919
1	0.74573
1	0.76495
1	0.847299
1	0.86052
1	0.774022
1	0.781381
1	0.523437
1	0.630825
1	0.656916
1	0.531646
1	0.46387
1	0.557742
1	0.478692
1	0.736219
1	0.633279
1	0.512826
1	0.679255
1	0.473216
1	0.476853
1	0.571477
1	0.614616
1	0.702345
1	0.642427
1	0.121292
1	0.228461
1	0.495406
1	0.541469
1	0.711077
1	0.594389
1	0.595147
1	0.650493
1	0.539485
1	0.665255
1	0.608858
1	0.808143
1	0.696583
1	0.672354
1	0.489709
1	0.588203
1	0.705879
1	0.715035
1	0.763594
1	0.664323
1	0.741826
1	0.71515
1	0.774823
1	0.613632
1	0.604621
1	0.582857
1	0.646008
1	0.652256
1	0.642409
1	0.740721
1	0.599749
1	0.692627
1	0.59826
1	0.263204
1	0.572332
1	0.661041
1	0.60527
1	0.506972
1	0.670267
1	0.614952
1	0.463611
1	0.693142
1	0.709477
1	0.502938
1	0.430847
1	0.660709
1	0.520017
1	0.548741
1	0.564529
1	0.496811
1	0.532576
1	0.537433
1	0.743412
1	0.710577
1	0.73689
1	0.555315
1	0.565366
1	0.651251
1	0.755507
1	0.160854
1	0.864331
1	0.801059
1	0.652704
1	0.804245
1	0.587141
1	0.564593
1	0.419951
1	0.617553
1	0.589255
1	0.672913
1	0.758834
1	0.730606
1	0.727344
1	0.48984
1	0.64305
1	0.515533
1	0.799324
1	0.578968
1	0.478232
1	0.534757
1	0.395608
1	0.598404
1	0.60808
1	0.723217
1	0.553007
1	0.716254
1	0.727243
1	0.584221
1	0.647155
1	0.57984
1	0.65125
1	0.526487
1	0.796778
1	0.653697
1	0.445557
1	0.699666
1	0.67698
1	0.597712
1	0.567758
1	0.489008
1	0.543322
1	0.748407
1	0.554977
1	0.66733
1	0.600138
1	0.564592
1	0.646222
1	0.653183
1	0.448494
1	0.391706
1	0.585709
1	0.173979
1	0.613871
1	0.714846
1	0.73814
1	0.581836
1	0.588692
1	0.679152
1	0.611836
1	0.379115
1	0.408475
1	0.689678
1	0.388933
1	0.253146
1	0.306215
1	0.320017
1	0.349293
1	0.443679
1	0.590194
1	0.732222
1	0.454265
1	0.838144
1	0.770581
1	0.542549
1	0.603588
1	0.693406
1	0.704092
1	0.788261
1	0.761883
1	0.629892
1	0.61538
1	0.646629
1	0.570697
1	0.75303
1	0.67578
1	0.757195
1	0.592368
1	0.645153
1	0.128659
1	0.616676
-1	-0.036835
-1	0.0645008
-1	0.065642
-1	0.0118044
-1	-0.0159329
-1	-0.0543938
-1	0.0595625
-1	0.022722
-1	0.0432956
-1	0.0619083
-1	0.297359
-1	0.106952
-1	-0.054516
-1	0.0122182
-1	0.0658059
-1	-0.00701872
-1	0.166512
-1	0.0746128
-1	0.0457164
-1	0.110565
-1	0.0997393
-1	0.0278647
-1	-0.100282
-1	0.0189404
-1	-0.0511189
-1	0.0293068
-1	-0.0149571
-1	-0.0310309
-1	0.234703
-1	0.0468511
-1	0.0248582
-1	0.0219705
-1	0.0733729
-1	0.0817576
-1	-0.0249811
-1	-0.0898541
-1	0.0247584
-1	0.0945965
-1	0.0929973
-1	0.183788
-1	0.191793
-1	-0.0459309
-1	0.0264686
-1	0.00117208
-1	0.00932179
-1	-0.0287768
-1	0.298864
-1	-0.00406407
-1	0.133579
-1	0.0301961
-1	0.000300153
-1	-0.0164611
-1	0.0937016
-1	0.107047
-1	0.0267162
-1	0.118562
-1	0.0587171
-1	-0.0515192
-1	0.269091
-1	0.0395109
-1	0.0692525
-1	0.155543
-1	0.125851
-1	0.00209563
-1	0.00261191
-1	0.0335321
-1	0.0215976
-1	0.11743
-1	0.0874791
-1	0.123507
-1	-0.0411664
-1	0.0671353
-1	0.107311
-1	0.179054
-1	0.15383
-1	-0.106363
-1	0.147701
-1	0.0343173
-1	0.0891532
-1	0.168733
-1	0.00101089
-1	-0.0522345
-1	-0.0199548
-1	0.0473841
-1	0.0591546
-1	-0.0764528
-1	0.00615722
-1	0.0493653
-1	0.0175765
-1	-0.0397148
-1	-0.0277131
-1	0.0806709
-1	0.161824
-1	0.157576
-1	0.00564889
-1	-0.0166228
-1	0.12991
-1	0.148298
-1	0.0143818
-1	0.0870016
-1	-0.0129913
-1	0.00533753
-1	0.00383005
-1	0.0399493
-1	0.0246364
-1	0.0713076
-1	0.181142
-1	0.061737
-1	-0.0802182
-1	0.233119
-1	0.0135775
-1	-0.0905374
-1	-0.01051
-1	-0.0446657
-1	0.0214511
-1	0.179099
-1	0.125202
-1	-0.0186954
-1	0.0802391
-1	0.0634627
-1	0.0297903
-1	-0.00828706
-1	0.156693
-1	-0.00769167
-1	0.0374452
-1	0.039116
-1	-0.0176039
-1	-0.0845346
-1	0.116071
-1	-0.0814492
-1	0.0627439
-1	-0.110552
-1	0.100858
-1	0.107677
-1	0.0915035
-1	0.103008
-1	-0.0248166
-1	0.0299835
-1	0.0309743
-1	0.163051
-1	-0.0740933
-1	0.00113652
-1	0.165465
-1	0.0509776
-1	0.116864
-1	0.0929784
-1	0.0304976
-1	0.0811879
-1	0.184495
-1	0.0551155
-1	0.156406
-1	0.0966547
-1	-0.00927177
-1	0.0636678
-1	0.0979315
-1	0.0405115
-1	0.0664272
-1	0.05333
-1	0.119517
-1	-0.0439639
-1	0.183417
-1	-0.0634238
-1	0.0693584
-1	0.0882101
-1	0.0445532
-1	-0.0120796
-1	0.166494
-1	0.103065
-1	0.103827
-1	-0.0284641
-1	0.0527758
-1	0.150963
-1	0.212143
-1	0.103526
-1	0.0723567
-1	-0.043586
-1	0.173573
-1	0.0391427
-1	0.0238479
-1	0.00385049
-1	0.0307033
-1	0.11444
-1	0.149009
-1	0.0403341
-1	0.251357
-1	0.0850787
-1	0.0777497
-1	-0.02448
-1	0.110002
-1	-0.0201108
-1	0.0581442
-1	0.17141
-1	0.13584
-1	0.0660469
-1	0.152685
-1	0.144832
-1	0.1104
-1	0.0808521
-1	0.203007
-1	0.00173564
-1	0.177167
-1	-0.00843234
-1	-0.156726
-1	0.126569
-1	-0.0315789
-1	0.211437
-1	0.0554883
-1	-0.00193804
-1	0.0845219
-1	0.105024
-1	0.119148
-1	0.0716432
-1	0.080562
-1	-0.0266772
-1	0.0578986
-1	-0.0652927
-1	0.0397871
-1	0.215051
-1	-5.20388e-05
-1	-0.0176102
-1	0.0153696
-1	0.175115
-1	-0.0677842
-1	-0.0828709
-1	0.120783
-1	0.0686124
-1	0.00832412
-1	-0.094877
-1	0.0340433
-1	0.0511454
-1	-0.137699
-1	0.0576116
-1	-0.0570622
-1	0.115523
-1	0.022997
-1	0.195935
-1	-0.0293815
-1	0.0246348
-1	0.0432358
-1	-0.100875
-1	0.0811458
-1	0.0742981
-1	0.0144972
-1	0.111624
-1	0.0433462
-1	-0.0147205
-1	0.158655
-1	0.148352
-1	0.0659065
-1	-0.0571704
-1	0.0886029
-1	-0.12365
-1	0.0388767
-1	-0.0417867
-1	-0.066844
-1	0.0774849
-1	0.0370665
-1	-0.0746661
-1	0.130235
-1	0.164467
-1	-0.032384
-1	0.0824628
-1	0.173912
-1	0.278356
-1	0.126163
-1	0.186365
-1	0.0140896
-1	0.0936122
-1	0.00433802
-1	-0.0843249
-1	-0.0446833
-1	0.0434536
-1	0.0830031
-1	0.0114026
-1	0.0807053
-1	0.0493513
-1	0.160047
-1	0.106428
-1	-0.0398327
-1	-0.04618
-1	-0.0192077
-1	0.102032
-1	0.106439
-1	0.201017
-1	0.101661
-1	0.057104
-1	0.0591667
-1	0.0664249
-1	0.0555163
-1	0.0411174
-1	0.0927535
-1	0.0105236
-1	0.0714076
-1	-0.0148916
-1	0.00914885
-1	0.0810106
-1	0.156467
-1	-0.0649132
-1	0.0465954
-1	-0.0292231
1	0.486306
1	0.521051
1	0.56064
1	0.734472
1	0.741778
1	0.837237
1	0.666062
1	0.691932
1	0.507989
1	0.623697
1	0.654026
1	0.458622
1	0.507207
1	0.482836
1	0.755773
1	0.466295
1	0.423747
1	0.564354
1	0.810479
1	0.726082
1	0.469637
1	0.579464
1	0.856798
1	0.528009
1	0.526721
1	0.45863
1	0.58166
1	0.576142
1	0.407195
1	0.755906
1	0.391415
1	0.614156
1	0.688041
1	0.697809
1	0.690834
1	0.573324
1	0.638782
1	0.494647
1	0.609708
1	0.610581
1	0.623686
1	0.691952
1	0.852095
1	0.678153
1	0.630292
1	0.49997
1	0.68307
1	0.567612
1	0.508549
1	0.706828
1	0.790838
1	0.575159
1	0.80004
1	0.703487
1	0.557867
1	0.613388
1	0.706056
1	0.525261
1	0.493669
1	0.536443
1	0.597463
1	0.595277
1	0.575354
1	0.58127
1	0.554896
1	0.605424
1	0.762069
1	0.633744
1	0.359877
1	0.535689
1	0.50536
1	0.453536
1	0.556216
1	0.451248
1	0.552075
1	0.602432
1	0.672357
1	0.520235
1	0.736252
1	0.721853
1	0.771381
1	0.446607
1	0.48309
1	0.545083
1	0.702595
1	0.563443
1	0.591975
1	0.844386
1	0.820107
1	0.649773
1	0.731293
1	0.64216
1	0.623634
1	0.477983
1	0.56615
1	0.729433
1	0.690588
1	0.426845
1	0.393985
1	0.684229
1	0.66351
1	0.397648
1	0.505575
1	0.508993
1	0.527767
1	0.46028
1	0.483343
1	0.722797
1	0.658456
1	0.556671
1	0.556759
1	0.500285
1	0.351398
1	0.472987
1	0.602363
1	0.522431
1	0.743422
1	0.693534
1	0.508396
1	0.617257
1	0.564839
1	0.542382
1	0.695976
1	0.75497
1	0.763959
1	0.781904
1	0.697297
1	0.613901
1	0.669419
1	0.808145
1	0.582466
1	0.766687
1	0.51806
1	0.753825
1	0.762501
1	0.677709
1	0.572939
1	0.645866
1	0.693748
1	0.569036
1	0.620489
1	0.548594
1	0.629909
1	0.647579
1	0.425718
1	0.606406
1	0.766721
1	0.656062
1	0.649598
1	0.64156
1	0.579287
1	0.628985
1	0.573088
1	0.72306
1	0.347591
1	0.422219
1	0.513644
1	0.556498
1	0.783397
1	0.480303
1	0.352933
1	0.781775
1	0.816007
1	0.744606
1	0.672398
1	0.329111
1	0.575206
1	0.390231
1	0.572753
1	0.726983
1	0.596114
1	0.571872
1	0.542574
1	0.555384
1	0.701451
1	0.765103
1	0.583589
1	0.696922
1	0.731893
1	0.481075
1	0.664933
1	0.664282
1	0.519666
1	0.481248
1	0.668243
1	0.379287
1	0.321632
1	0.490525
1	0.567807
1	0.742961
1	0.718527
1	0.646473
1	0.579939
1	0.579827
1	0.647786
1	0.712544
1	0.760521
1	0.617297
1	0.671066
1	0.393036
1	0.485993
1	0.452802
1	0.680519
1	0.67226
1	0.881245
1	0.831372
1	0.62395
1	0.587046
1	0.681324
1	0.705952
1	0.636254
1	0.672139
1	0.712104
1	0.520925
1	0.916706
1	0.923602
1	0.898318
1	0.837578
1	0.546724
1	0.659759
1	0.691514
1	0.633504
1	0.643828
1	0.65034
1	0.472684
1	0.447266
1	0.442796
1	0.536183
1	0.741823
1	0.476723
1	0.849576
1	0.668314
1	0.66456
1	0.598509
1	0.816852
1	0.665993
1	0.731565
1	0.554872
1	0.590004
1	0.700042
1	0.681113
1	0.765323
1	0.770292
1	0.654935
1	0.74235
1	0.774448
1	0.493812
1	0.54555
1	0.872048
1	0.849825
1	0.657034
1	0.542
1	0.706375
1	0.430402
1	0.309845
1	0.63929
1	0.61517
1	0.504279
1	0.561933
1	0.494786
1	0.619725
1	0.701334
1	0.751879
1	0.709042
1	0.684946
1	0.614127
1	0.614661
1	0.468193
1	0.492097
1	0.397478
1	0.452168
1	0.506951
1	0.710553
1	0.492423
1	0.685005
1	0.703023
1	0.722369
1	0.850488
1	0.708744
1	0.73892
1	0.657901
1	0.479777
1	0.500713
1	0.815437
1	0.47331
1	0.737874
1	0.555161
1	0.62013
1	0.577216
1	0.558523
1	0.583538
1	0.616916
1	0.756372
1	0.517348
1	0.575412
1	0.535211
1	0.765235
1	0.648306
1	0.703677
1	0.742594
-1	-0.142592
-1	0.191242
-1	0.164715
-1	-0.00447818
-1	0.162381
-1	-0.00557051
-1	0.120473
-1	0.107776
-1	-0.115609
-1	0.0117206
-1	-0.0297531
-1	0.106007
-1	0.0504675
-1	0.000764789
-1	0.00408362
-1	-0.0210039
-1	0.0645591
-1	0.114968
-1	0.0276473
-1	0.0460115
-1	0.0612307
-1	-0.152635
-1	0.30598
-1	0.293235
-1	0.151635
-1	0.102009
-1	0.159319
-1	0.128046
-1	0.139465
-1	-0.00327727
-1	0.0178952
-1	-0.0232745
-1	0.203214
-1	0.00641507
-1	0.355534
-1	-0.0403505
-1	0.00162643
-1	0.0399372
-1	-0.00450638
-1	0.12609
-1	0.148142
-1	-0.114371
-1	0.0526055
-1	0.0682797
-1	0.200451
-1	0.136016
-1	0.0318903
-1	0.0166039
-1	-0.00446767
-1	0.00252818
-1	0.0720743
-1	-0.0609921
-1	0.0259212
-1	0.163206
-1	0.152886
-1	-0.0265921
-1	-0.0301889
-1	0.0169514
-1	0.0899902
-1	0.0654526
-1	0.0789686
-1	-0.117221
-1	-0.12779
-1	-0.030433
-1	0.102788
-1	0.0123837
-1	-0.00218779
-1	0.160379
-1	0.0248531
-1	0.110345
-1	-0.0546392
-1	-0.0734026
-1	0.0163007
-1	-0.0702844
-1	0.109798
-1	-0.0350936
-1	0.0904942
-1	-0.00425093
-1	0.129644
-1	-0.0561542
-1	-0.0231772
-1	0.19453
-1	0.0422377
-1	-0.0598064
-1	-0.0182262
-1	-0.00929797
-1	0.0554895
-1	0.0694158
-1	0.0252472
-1	-0.0723213
-1	-0.0247815
-1	-0.0642775
-1	0.0330919
-1	0.0589652
-1	-0.0241246
-1	0.173648
-1	-0.118359
-1	-0.0377305
-1	0.218031
-1	-0.00118511
-1	-0.0496173
-1	-0.0212391
-1	0.0465951
-1	0.112644
-1	-0.0555178
-1	0.00524755
-1	0.0118403
-1	0.055765
-1	-0.0215238
-1	-0.0147732
-1	-0.0509811
-1	-0.10683
-1	0.271521
-1	-0.0389579
-1	-0.00729678
-1	-0.0202679
-1	0.216934
-1	0.13975
-1	0.107178
-1	0.0643363
-1	0.106665
-1	0.112935
-1	0.0466396
-1	0.00195291
-1	-0.00689083
-1	0.19546
-1	-0.0353802
-1	0.041549
-1	-0.0056529
-1	0.084371
-1	0.0276773
-1	0.241777
-1	0.000573591
-1	0.0945864
-1	-0.0550044
-1	0.109774
-1	-0.118238
-1	0.0735112
-1	0.106576
-1	0.150081
-1	-0.00713895
-1	-0.0578349
-1	-0.00232859
-1	0.0544189
-1	0.0795616
-1	0.0954859
-1	-0.0790446
-1	-0.0820369
-1	0.140224
-1	0.025679
-1	-0.111389
-1	-0.0733781
-1	0.0440384
-1	0.0419943
-1	0.320293
-1	-0.00807176
-1	0.0604952
-1	0.0693725
-1	0.036289
-1	0.060419
-1	0.167508
-1	0.0521014
-1	-0.00377623
-1	0.13293
-1	-0.0211819
-1	-0.0473352
-1	0.129464
-1	0.093595
-1	-0.0405321
-1	-0.0529481
-1	-0.0303914
-1	0.0859974
-1	0.03276
-1	0.0859521
-1	0.00576951
-1	-0.0863848
-1	0.0791262
-1	0.0657344
-1	0.0104466
-1	0.0167664
-1	-0.0510822
-1	0.0748392
-1	-0.156738
-1	-0.0229237
-1	0.00927676
-1	-0.0506972
-1	-0.102765
-1	0.0520969
-1	0.012844
-1	-0.0339647
-1	0.125732
-1	0.0648874
-1	0.12275
-1	-0.00603314
-1	0.15707
-1	0.0597226
-1	0.0110768
-1	-0.0499809
-1	0.110113
-1	-0.0527498
-1	0.0492624
-1	-0.000657937
-1	0.327287
-1	-0.0506437
-1	0.0342692
-1	0.00120729
-1	-0.030721
-1	3.49385e-05
-1	0.110018
-1	0.161859
-1	0.00925711
-1	0.0186034
-1	-0.114914
-1	0.0359371
-1	0.0509262
-1	0.0832793
-1	0.16703
-1	0.0887078
-1	0.0946453
-1	0.0802974
-1	-0.0527208
-1	0.165404
-1	0.155938
-1	0.101889
-1	0.0653122
-1	0.000680302
-1	-0.00876714
-1	0.100241
-1	0.057641
-1	-0.043501
-1	-0.133727
-1	0.088642
-1	0.111345
-1	-0.10304
-1	0.0297704
-1	0.0423767
-1	0.167883
-1	0.118339
-1	-0.0877732
-1	0.103026
-1	-0.00558642
-1	0.111121
-1	-0.0575349
-1	0.0711139
-1	-0.0423795
-1	0.127513
-1	0.0153025
-1	-0.0286972
-1	-0.15586
-1	-0.0200532
-1	-0.112003
-1	-0.0743442
-1	0.0887172
-1	0.0394751
-1	0.13889
-1	0.109142
-1	0.0282764
-1	-0.0552148
-1	0.135417
-1	-0.0189024
-1	-0.00466606
-1	0.162728
-1	0.0260362
-1	-0.0242433
-1	-0.043294
-1	-0.0806005
-1	0.0973793
-1	0.107147
-1	0.16778
-1	-0.031257
-1	0.234356
-1	0.144332
-1	0.0658902
-1	-0.0840036
-1	0.197131
-1	0.0805296
-1	-0.058302
-1	0.161908
-1	-0.00121694
-1	0.103664
-1	0.131993
-1	-0.0142339
-1	-0.112902
-1	-0.0965245
-1	0.0332026
-1	0.025647
-1	0.0967287
-1	0.100344
-1	0.021608
-1	0.0739011
-1	-0.0854303
-1	0.0154255
-1	-0.0324636
-1	0.0554964
-1	0.123708
-1	0.211068
-1	0.0578634
-1	0.0271007
-1	0.0780566
-1	0.0593296
1	0.237244
1	0.390094
1	0.590659
1	0.6847
1	0.63594
1	0.542202
1	0.510792
1	0.44671
1	0.547108
1	0.815791
1	0.513244
1	0.562837
1	0.628607
1	0.486236
1	0.637808
1	0.621474
1	0.452996
1	0.777551
1	0.46218
1	0.640792
1	0.676922
1	0.667297
1	0.721657
1	0.71504
1	0.452925
1	0.625531
1	0.641819
1	0.507605
1	0.581081
1	0.5354
1	0.568152
1	0.586199
1	0.713818
1	0.299745
1	0.556572
1	0.622109
1	0.699389
1	0.644428
1	0.68292
1	0.144061
1	0.376788
1	0.17465
1	0.574691
1	0.62749
1	0.735555
1	0.651388
1	0.825803
1	0.440323
1	0.626786
1	0.566911
1	0.7011
1	0.29336
1	0.69495
1	0.510503
1	0.642579
1	0.54316
1	0.737373
1	0.767588
1	0.520929
1	0.844816
1	0.76227
1	0.638896
1	0.549452
1	0.531192
1	0.476048
1	0.791022
1	0.691609
1	0.729631
1	0.797866
1	0.558161
1	0.655741
1	0.69627
1	0.585815
1	0.592608
1	0.653679
1	0.733914
1	0.725461
1	0.765006
1	0.627719
1	0.481894
1	0.716071
1	0.738858
1	0.674141
1	0.744424
1	0.659804
1	0.508842
1	0.578882
1	0.688917
1	0.635278
1	0.492933
1	0.725235
1	0.530326
1	0.79677
1	0.4028
1	0.474574
1	0.683603
1	0.64209
1	0.533676
1	0.654902
1	0.738484
1	0.592855
1	0.601065
1	0.588757
1	0.597803
1	0.660402
1	0.715113
1	0.801539
1	0.683598
1	0.530971
1	0.526897
1	0.410203
1	0.510485
1	0.591239
1	0.602155
1	0.637112
1	0.703236
1	0.637118
1	0.738551
1	0.863068
1	0.588958
1	0.686468
1	0.677384
1	0.774423
1	0.663191
1	0.674223
1	0.733935
1	0.41069
1	0.810261
1	0.698929
1	0.577642
1	0.617615
1	0.748212
1	0.699562
1	0.626666
1	0.461277
1	0.608626
1	0.387804
1	0.719408
1	0.690887
1	0.760068
1	0.697504
1	0.552295
1	0.434055
1	0.58626
1	0.55117
1	0.708539
1	0.727288
1	0.706714
1	0.747256
1	0.692279
1	0.619875
1	0.513771
1	0.601552
1	0.557163
1	0.598378
1	0.657202
1	0.696784
1	0.734478
1	0.799295
1	0.875829
1	0.70158
1	0.609527
1	0.664906
1	0.635451
1	0.609474
1	0.185466
1	0.672014
1	0.608551
1	0.616725
1	0.719073
1	0.679229
1	0.351795
1	0.605412
1	0.755955
1	0.627243
1	0.47208
1	0.687818
1	0.678878
1	0.712065
1	0.479001
1	0.465418
1	0.37718
1	0.620542
1	0.605975
1	0.563612
1	0.85093
1	0.806733
1	0.448441
1	0.471629
1	0.528209
1	0.658912
1	0.415379
1	0.61564
1	0.570582
1	0.70173
1	0.579833
1	0.532664
1	0.453582
1	0.666303
1	0.881356
1	0.549988
1	0.696386
1	0.541252
1	0.488011
1	0.595939
1	0.480213
1	0.63172
1	0.586828
1	0.637975
1	0.608805
1	0.429576
1	0.671815
1	0.571157
1	0.516237
1	0.628646
1	0.540229
1	0.598689
1	0.611204
1	0.71293
1	0.561029
1	0.820868
1	0.672549
1	0.717159
1	0.729879
1	0.687155
1	0.728013
1	0.6075
1	0.703211
1	0.574539
1	0.457086
1	0.533895
1	0.736668
1	0.717669
1	0.683742
1	0.669553
1	0.766875
1	0.645768
1	0.699144
1	0.78288
1	0.751473
1	0.667856
1	0.412072
1	0.683931
1	0.762116
1	0.419439
1	0.523576
1	0.742878
1	0.624066
1	0.569685
1	0.456429
1	0.413206
1	0.530145
1	0.695557
1	0.727737
1	0.811781
1	0.906095
1	0.739353
1	0.571661
1	0.595454
1	0.743038
1	0.799543
1	0.874184
1	0.46034
1	0.786805
1	0.459462
1	0.597761
1	0.513849
1	0.367666
1	0.562982
1	0.625806
1	0.642506
1	0.431851
1	0.189604
1	0.653944
1	0.607902
1	0.64777
1	0.62522
1	0.786116
1	0.549616
1	0.699316
1	0.49148
1	0.466608
1	0.471071
1	0.623671
1	0.507798
1	0.412522
1	0.410911
1	0.648264
1	0.74423
1	0.356427
1	0.466808
1	0.152306
1	0.135355
1	0.555327
1	0.741415
1	0.515204
1	0.632961
1	0.533396
1	0.572595
1	0.639757
-1	0.0284064
-1	0.0435856
-1	0.0807154
-1	0.0626269
-1	0.110956
-1	0.151968
-1	0.136993
-1	0.191717
-1	0.00564203
-1	0.0692641
-1	0.0756737
-1	0.266117
-1	0.0306792
-1	0.137178
-1	0.0497637
-1	0.0825546
-1	0.0301939
-1	-0.0228654
-1	0.0479579
-1	0.0316428
-1	0.0124563
-1	0.00185251
-1	-0.0220113
-1	0.235606
-1	0.106496
-1	-0.0259844
-1	0.0831512
-1	0.0548097
-1	0.17045
-1	-0.0288075
-1	0.184334
-1	-0.00598195
-1	-0.0430032
-1	0.029684
-1	0.240466
-1	0.0319843
-1	0.0250139
-1	0.0199406
-1	0.0093987
-1	0.0575383
-1	0.208313
-1	0.0977856
-1	-0.00272374
-1	-0.0136391
-1	0.108197
-1	0.11641
-1	0.0272874
-1	0.107948
-1	0.158576
-1	0.0452182
-1	0.144223
-1	0.140732
-1	-0.0142955
-1	-0.0162527
-1	0.0176733
-1	-0.255405
-1	-0.0870857
-1	0.0725355
-1	0.121518
-1	-0.00391226
-1	0.0319305
-1	-0.0527177
-1	0.0888862
-1	-0.00780807
-1	0.237155
-1	0.119968
-1	-0.0472097
-1	0.0326511
-1	-0.0142409
-1	0.0559507
-1	0.0838199
-1	0.16946
-1	0.0791647
-1	0.110431
-1	0.0626536
-1	-0.0130713
-1	-0.0199502
-1	0.0914101
-1	-0.047538
-1	0.136091
-1	-0.0681727
-1	0.091782
-1	0.085479
-1	-0.0419613
-1	0.0628015
-1	-0.0149324
-1	0.119389
-1	0.00378649
-1	-0.00647623
-1	0.0474852
-1	0.119135
-1	0.0414452
-1	-0.0930266
-1	0.141064
-1	0.0766696
-1	0.13193
-1	0.0333883
-1	-0.081551
-1	0.0252488
-1	0.0582667
-1	0.206019
-1	0.0715538
-1	-0.0356237
-1	0.0842115
-1	0.052731
-1	0.0128055
-1	0.0135843
-1	-0.0545175
-1	0.114699
-1	0.0353768
-1	0.198377
-1	0.0807931
-1	0.109823
-1	-0.0259216
-1	0.0275911
-1	0.0443764
-1	0.068462
-1	0.0607966
-1	0.130218
-1	0.000718888
-1	0.0288639
-1	-0.0451714
-1	0.1297
-1	-0.00960819
-1	-0.0384556
-1	0.0971732
-1	0.0880641
-1	0.0014734
-1	0.0779845
-1	0.0348653
-1	0.0697659
-1	0.0592481
-1	0.130298
-1	-0.0854876
-1	0.0964982
-1	0.120278
-1	0.00476536
-1	-0.0278219
-1	-0.0127717
-1	0.145794
-1	0.0869137
-1	0.0609056
-1	0.0873101
-1	0.0573142
-1	-0.00118374
-1	0.0369707
-1	-0.0285079
-1	0.101426
-1	0.176882
-1	0.146296
-1	0.166269
-1	0.0111419
-1	-0.00666132
-1	0.000615023
-1	0.0911565
-1	0.245631
-1	0.126327
-1	0.146227
-1	-0.105536
-1	0.00655798
-1	0.0545123
-1	-0.137415
-1	-0.0129057
-1	0.0404606
-1	-0.0581534
-1	0.0645659
-1	0.184141
-1	-0.0969147
-1	0.0231251
-1	0.0958032
-1	-0.0479991
-1	-0.076128
-1	-0.00122575
-1	0.0746156
-1	0.227138
-1	0.121092
-1	0.154845
-1	0.0116366
-1	0.211399
-1	0.16549
-1	0.0617131
-1	-0.00808953
-1	-0.0606505
-1	0.168954
-1	0.00205956
-1	0.155042
-1	0.0131106
-1	-0.0105665
-1	-0.0122583
-1	0.0597916
-1	0.0429123
-1	0.0409219
-1	0.0945637
-1	-0.095325
-1	-0.0344347
-1	0.0385418
-1	0.0657806
-1	0.0495797
-1	0.0856809
-1	0.219292
-1	0.122645
-1	0.140125
-1	0.0629404
-1	-0.0433554
-1	-0.03767
-1	-0.0297822
-1	-0.0143815
-1	-0.0783529
-1	0.012416
-1	0.0447655
-1	0.00877842
-1	0.0742616
-1	0.0870235
-1	0.0925313
-1	0.255186
-1	0.0220469
-1	0.201823
-1	-0.0792198
-1	0.0581682
-1	0.00337943
-1	0.154247
-1	0.1667
-1	-0.125999
-1	-0.0777519
-1	0.197175
-1	0.189925
-1	0.0658138
-1	-0.0779871
-1	0.0772478
-1	-0.026021
-1	0.0647437
-1	0.0531306
-1	0.00312527
-1	0.039428
-1	-0.0720148
-1	0.177211
-1	0.0225758
-1	0.191509
-1	-0.0725687
-1	0.0371154
-1	0.0172463
-1	0.0610524
-1	0.100093
-1	0.0158312
-1	0.0362993
-1	0.00113336
-1	0.180819
-1	0.226874
-1	0.0749044
-1	0.0744424
-1	0.235887
-1	0.102922
-1	0.140951
-1	0.0329362
-1	0.0969419
-1	0.231858
-1	-0.0421559
-1	-0.0651731
-1	-0.0292517
-1	-0.149141
-1	-0.135877
-1	-0.0923238
-1	0.0813621
-1	0.00122355
-1	-0.0467916
-1	0.0053977
-1	0.022882
-1	0.130309
-1	0.034066
-1	0.119594
-1	-0.0411319
-1	0.0733855
-1	-0.069599
-1	0.076098
-1	0.0447535
-1	0.0143844
-1	0.104623
-1	0.0110241
-1	-0.0409843
-1	0.034374
-1	0.0402522
-1	0.0764254
-1	0.0980621
-1	-0.00400469
-1	0.126987
-1	0.147282
-1	0.0813213
-1	0.193003
-1	0.0954418
-1	0.0700385
-1	0.0563473
-1	0.0614558
-1	0.00384301
-1	-0.000318516
-1	-0.0193351
-1	-0.119026
-1	0.0587055
-1	-0.123402
-1	0.078075
-1	0.251182
1	0.751505
1	0.713398
1	0.621947
1	0.747864
1	0.606223
1	0.624186
1	0.669725
1	0.497583
1	0.361636
1	0.554233
1	0.517396
1	0.606094
1	0.651903
1	0.726946
1	0.305568
1	0.537029
1	0.384907
1	0.747036
1	0.575766
1	0.512509
1	0.477514
1	0.552957
1	0.391989
1	0.480771
1	0.633743
1	0.573099
1	0.500998
1	0.66082
1	0.41387
1	0.57013
1	0.604641
1	0.648387
1	0.768435
1	0.541897
1	0.52655
1	0.434126
1	0.844335
1	0.572365
1	0.620408
1	0.692051
1	0.740352
1	0.219035
1	0.523061
1	0.647591
1	0.250698
1	0.781007
1	0.775947
1	0.663945
1	0.473502
1	0.53925
1	0.609945
1	0.511341
1	0.735425
1	0.751514
1	0.584854
1	0.506444
1	0.485073
1	0.726569
1	0.586387
1	0.497207
1	0.507931
1	0.419927
1	0.470511
1	0.550407
1	0.474245
1	0.456547
1	0.645217
1	0.508296
1	0.722111
1	0.324062
1	0.39621
1	0.683812
1	0.718989
1	0.442316
1	0.680364
1	0.67702
1	0.357932
1	0.59452
1	0.534642
1	0.579544
1	0.808556
1	0.456211
1	0.646168
1	0.519338
1	0.684508
1	0.660155
1	0.762541
1	0.507662
1	0.8483
1	0.668383
1	0.415335
1	0.500504
1	0.619053
1	0.507715
1	0.726237
1	0.527182
1	0.752136
1	0.667833
1	0.754462
1	0.684962
1	0.529947
1	0.502732
1	0.652442
1	0.463809
1	0.427998
1	0.515945
1	0.453691
1	0.694183
1	0.651087
1	0.4708
1	0.760578
1	0.618198
1	0.616642
1	0.527037
1	0.564779
1	0.61308
1	0.737232
1	0.665123
1	0.725248
1	0.697093
1	0.630458
1	0.525388
1	0.689611
1	0.663946
1	0.444893
1	0.568389
1	0.406477
1	0.722691
1	0.599074
1	0.589819
1	0.619498
1	0.7237
1	0.683319
1	0.677431
1	0.529753
1	0.61732
1	0.639072
1	0.511176
1	0.606678
1	0.374731
1	0.58154
1	0.677095
1	0.772082
1	0.72553
1	0.424085
1	0.678287
1	0.633906
1	0.656124
1	0.690263
1	0.635661
1	0.682492
1	0.532843
1	0.540279
1	0.559791
1	0.404276
1	0.766009
1	0.722224
1	0.684025
1	0.702206
1	0.477009
1	0.312685
1	0.460589
1	0.67763
1	0.466208
1	0.520584
1	0.53124
1	0.672546
1	0.76736
1	0.541553
1	0.794553
1	0.540781
1	0.55838
1	0.546987
1	0.735829
1	0.424737
1	0.583916
1	0.495945
1	0.659128
1	0.62002
1	0.691443
1	0.689891
1	0.754021
1	0.594941
1	0.505293
1	0.640446
1	0.568372
1	0.581282
1	0.675282
1	0.696372
1	0.61392
1	0.675424
1	0.638187
1	0.460835
1	0.553973
1	0.468169
1	0.510645
1	0.839485
1	0.629667
1	0.603978
1	0.505824
1	0.574531
1	0.578327
1	0.549141
1	0.574806
1	0.723666
1	0.640088
1	0.5672
1	0.7118
1	0.694493
1	0.589508
1	0.509651
1	0.510224
1	0.681208
1	0.588208
1	0.674444
1	0.587368
1	0.451878
1	0.447187
1	0.743167
1	0.598816
1	0.7142
1	0.58754
1	0.638691
1	0.660851
1	0.631872
1	0.664243
1	0.476659
1	0.505173
1	0.64876
1	0.448063
1	0.514185
1	0.432259
1	0.900258
1	0.620183
1	0.648252
1	0.535842
1	0.534972
1	0.48951
1	0.389768
1	0.612231
1	0.592634
1	0.614707
1	0.698509
1	0.79124
1	0.686895
1	0.775269
1	0.745663
1	0.640836
1	0.658489
1	0.431843
1	0.685567
1	0.818275
1	0.686147
1	0.488118
1	0.771639
1	0.457407
1	0.63616
1	0.510619
1	0.659507
1	0.536286
1	0.591503
1	0.534048
1	0.745609
1	0.630096
1	0.670419
1	0.750251
1	0.735012
1	0.800403
1	0.688298
1	0.586487
1	0.635143
1	0.636873
1	0.648173
1	0.570587
1	0.601384
1	0.589363
1	0.451403
1	0.516243
1	0.544227
1	0.697533
1	0.566959
1	0.801882
1	0.630189
1	0.516412
1	0.651115
1	0.424286
1	0.713531
1	0.441304
1	0.612056
1	0.815732
1	0.723637
1	0.76847
1	0.712435
1	0.556317
1	0.462565
1	0.607531
1	0.609002
1	0.650327
1	0.647857
1	0.645734
-1	-0.0381536
-1	0.182211
-1	0.0778701
-1	0.148024
-1	0.00629009
-1	0.0361523
-1	0.219668
-1	0.156552
-1	0.161725
-1	0.0203046
-1	0.108391
-1	0.00275623
-1	-0.00875106
-1	-0.0886895
-1	0.0560062
-1	-0.0554904
-1	0.004266
-1	-0.0360953
-1	0.0243398
-1	0.12762
-1	-0.125954
-1	0.11274
-1	0.0854083
-1	0.0546984
-1	-0.0180312
-1	-0.0639838
-1	-0.162616
-1	0.145965
-1	-0.124613
-1	0.00653548
-1	0.0672139
-1	0.0320945
-1	-0.0243553
-1	-0.146746
-1	0.125179
-1	0.0671406
-1	0.0579793
-1	0.0406632
-1	0.181296
-1	0.0696709
-1	0.126836
-1	0.0577275
-1	-0.0440816
-1	-0.125305
-1	0.146451
-1	0.0909209
-1	-0.00438283
-1	0.0399207
-1	-0.0627519
-1	0.182821
-1	0.0213902
-1	-0.10542
-1	0.0716632
-1	-0.125789
-1	-0.0579754
-1	-0.0450512
-1	0.0154141
-1	0.0578935
-1	0.116369
-1	0.0483671
-1	0.136491
-1	0.0917769
-1	-0.000389471
-1	0.0883145
-1	-0.00724463
-1	0.217841
-1	-0.00309349
-1	0.0203745
-1	0.149194
-1	0.0123329
-1	0.0695235
-1	-0.0785287
-1	-0.043931
-1	0.019244
-1	0.158511
-1	-0.0640701
-1	-0.0302224
-1	0.0450007
-1	0.168878
-1	0.128876
-1	0.0795202
-1	0.0281624
-1	-0.0490179
-1	0.114353
-1	0.223359
-1	-0.0912284
-1	-0.0375636
-1	0.105973
-1	0.0219598
-1	0.0593237
-1	0.00178423
-1	0.200193
-1	0.0563319
-1	-0.148107
-1	-0.0149147
-1	-0.0794119
-1	-0.0076442
-1	0.00754965
-1	0.0605628
-1	-0.0941566
-1	0.0581806
-1	0.0418308
-1	0.0516605
-1	0.273142
-1	-0.0385741
-1	0.0669362
-1	0.00669161
-1	0.158823
-1	-0.0534938
-1	0.0140564
-1	0.0816542
-1	0.0354043
-1	0.0159484
-1	-0.00999006
-1	-0.0987493
-1	0.128744
-1	0.139615
-1	0.117039
-1	0.117732
-1	0.197176
-1	0.138872
-1	-0.0338084
-1	0.0432568
-1	0.126379
-1	0.216396
-1	0.149246
-1	-0.00709233
-1	-0.0638279
-1	0.0688372
-1	0.132827
-1	-0.06047
-1	0.084832
-1	-0.0534449
-1	0.08384
-1	0.0732307
-1	0.0241225
-1	0.00056843
-1	0.00129409
-1	0.125922
-1	-0.00803687
-1	0.0294759
-1	0.0585274
-1	-0.0278819
-1	0.116103
-1	0.0648817
-1	-0.004459
-1	-0.0226724
-1	0.149155
-1	0.0815557
-1	0.00942192
-1	0.0849159
-1	0.104763
-1	-0.126056
-1	-0.0510874
-1	0.0899866
-1	0.0309468
-1	-0.0316783
-1	-0.0185135
-1	0.177883
-1	0.0750452
-1	0.123442
-1	-0.0567132
-1	0.0815821
-1	0.0176566
-1	0.112183
-1	0.0318059
-1	0.121374
-1	-0.117784
-1	0.0399826
-1	-0.02512
-1	0.0435259
-1	0.069051
-1	0.0338519
-1	0.0108942
-1	-0.0246057
-1	0.00327549
-1	-0.0226677
-1	0.0209275
-1	-0.0718531
-1	0.138979
-1	-0.0193557
-1	-0.016228
-1	0.0695305
-1	0.141481
-1	0.0699147
-1	-0.0195463
-1	0.0622639
-1	0.147301
-1	0.11487
-1	-0.0427391
-1	0.0847658
-1	0.0460388
-1	0.141729
-1	0.0922996
-1	0.148519
-1	-0.0563622
-1	-0.0309001
-1	0.0818208
-1	-0.0292641
-1	-0.024958
-1	-0.0327118
-1	0.0252795
-1	0.0256163
-1	0.0414383
-1	-0.00307638
-1	0.0660083
-1	0.013482
-1	0.0202289
-1	0.0907436
-1	0.0097499
-1	0.0773034
-1	0.0238255
-1	-0.0317906
-1	0.066756
-1	0.144423
-1	-0.0466796
-1	0.0604555
-1	-0.0966318
-1	-0.158025
-1	0.117675
-1	0.0181462
-1	0.190451
-1	0.204058
-1	-0.19451
-1	-0.00720889
-1	0.101189
-1	-0.0808494
-1	-0.0550248
-1	0.0642742
-1	0.122376
-1	0.0649965
-1	0.0689168
-1	-0.0108949
-1	-0.0819274
-1	-0.00748755
-1	-0.0455709
-1	0.0806772
-1	-0.0469176
-1	-0.0258133
-1	0.152974
-1	0.0181255
-1	0.0507824
-1	-0.100462
-1	0.0637403
-1	0.0139177
-1	0.0821532
-1	-0.0806109
-1	0.233644
-1	0.037886
-1	0.059169
-1	0.115156
-1	0.0512529
-1	0.0370106
-1	0.240894
-1	0.0402571
-1	0.048623
-1	0.0832457
-1	0.0623447
-1	0.0187452
-1	-0.0993471
-1	0.0939773
-1	0.127143
-1	0.170305
-1	0.146232
-1	0.213865
-1	0.0441169
-1	0.0976402
-1	0.105556
-1	0.108656
-1	0.0652948
-1	-0.0185383
-1	-0.049578
-1	-0.00196421
-1	-0.0810118
-1	0.0155052
-1	-0.067708
-1	0.139713
-1	0.0253519
-1	0.00186206
-1	0.0268015
-1	0.0536111
-1	-0.0814109
-1	0.0751022
-1	0.140523
-1	0.133016
-1	0.0821765
-1	0.063945
-1	0.111652
-1	0.0850951
-1	0.17522
-1	0.152672
-1	0.111374
-1	-0.0775621
-1	0.0643985
-1	0.119675
-1	-0.0680152
-1	-0.0585587
-1	0.0517568
-1	0.0634736
-1	0.134203
1	0.497685
1	0.65871
1	0.56995
1	0.701443
1	0.726299
1	0.712773
1	0.688527
1	0.441149
1	0.559515
1	0.619378
1	0.645199
1	0.546062
1	0.693812
1	0.854607
1	0.456355
1	0.651377
1	0.494072
1	0.569479
1	0.440706
1	0.650894
1	0.567193
1	0.708255
1	0.555039
1	0.584104
1	0.713442
1	0.526665
1	0.48759
1	0.702342
1	0.581815
1	0.603494
1	0.67009
1	0.746415
1	0.813865
1	0.467028
1	0.558205
1	0.35249
1	0.481243
1	0.717315
1	0.695396
1	0.707326
1	0.541353
1	0.764871
1	0.761872
1	0.688131
1	0.716188
1	0.563232
1	0.428691
1	0.691413
1	0.667607
1	0.483246
1	0.432156
1	0.479978
1	0.51812
1	0.459002
1	0.625484
1	0.704737
1	0.63578
1	0.634895
1	0.511167
1	0.583179
1	0.603762
1	0.701603
1	0.549995
1	0.69535
1	0.682468
1	0.639505
1	0.60063
1	0.660764
1	0.583198
1	0.427207
1	0.484904
1	0.479251
1	0.492262
1	0.470607
1	0.654272
1	0.781492
1	0.679955
1	0.558515
1	0.677819
1	0.567586
1	0.52397
1	0.503609
1	0.593442
1	0.475747
1	0.525791
1	0.622072
1	0.640182
1	0.512854
1	0.541993
1	0.571181
1	0.607433
1	0.689147
1	0.55544
1	0.60927
1	0.685838
1	0.617381
1	0.750318
1	0.789757
1	0.608381
1	0.4432
1	0.822799
1	0.55784
1	0.596731
1	0.476626
1	0.609003
1	0.511006
1	0.656254
1	0.481161
1	0.398136
1	0.45835
1	0.556947
1	0.737847
1	0.607683
1	0.396011
1	0.681706
1	0.613724
1	0.615558
1	0.460692
1	0.529817
1	0.486532
1	0.745193
1	0.738804
1	0.383017
1	0.524271
1	0.524291
1	0.760669
1	0.560157
1	0.824524
1	0.686739
1	0.574481
1	0.623406
1	0.616068
1	0.553599
1	0.644071
1	0.535704
1	0.768438
1	0.538964
1	0.469471
1	0.732572
1	0.695998
1	0.694576
1	0.648445
1	0.678314
1	0.561801
1	0.516797
1	0.606735
1	0.691419
1	0.661783
1	0.687284
1	0.672194
1	0.610756
1	0.741191
1	0.728579
1	0.608661
1	0.582131
1	0.673065
1	0.699393
1	0.618158
1	0.654294
1	0.679673
1	0.744955
1	0.460066
1	0.503913
1	0.784526
1	0.721688
1	0.730578
1	0.625905
1	0.6828
1	0.791102
1	0.555915
1	0.356628
1	0.580345
1	0.461058
1	0.283259
1	0.565584
1	0.799857
1	0.690484
1	0.724457
1	0.646183
1	0.547074
1	0.508854
1	0.902313
1	0.742109
1	0.576885
1	0.769969
1	0.616825
1	0.697645
1	0.470475
1	0.65649
1	0.753137
1	0.692677
1	0.376509
1	0.413309
1	0.530114
1	0.592598
1	0.726538
1	0.731225
1	0.742178
1	0.682315
1	0.394281
1	0.799376
1	0.537873
1	0.615716
1	0.500455
1	0.449814
1	0.637621
1	0.558389
1	0.619771
1	0.571791
1	0.541981
1	0.653931
1	0.61601
1	0.560413
1	0.743222
1	0.738305
1	0.806777
1	0.628442
1	0.657249
1	0.788775
1	0.67095
1	0.73719
1	0.643195
1	0.45816
1	0.524825
1	0.542513
1	0.623957
1	0.64329
1	0.617695
1	0.769175
1	0.690223
1	0.568386
1	0.522919
1	0.72753
1	0.832831
1	0.700809
1	0.597404
1	0.639615
1	0.605085
1	0.61539
1	0.691747
1	0.405637
1	0.609606
1	0.608236
1	0.459877
1	0.520837
1	0.688202
1	0.560595
1	0.602678
1	0.663237
1	0.455677
1	0.535503
1	0.732353
1	0.670256
1	0.77379
1	0.643002
1	0.590452
1	0.656528
1	0.569122
1	0.607047
1	0.820869
1	0.753399
1	0.807195
1	0.669429
1	0.47332
1	0.672117
1	0.63456
1	0.692477
1	0.479587
1	0.749573
1	0.513973
1	0.610699
1	0.534451
1	0.746625
1	0.721736
1	0.675635
1	0.60287
1	0.689912
1	0.778614
1	0.623706
1	0.682594
1	0.649606
1	0.407529
1	0.656273
1	0.469353
1	0.599168
1	0.414922
1	0.389948
1	0.670912
1	0.781066
1	0.654922
1	0.782664
1	0.49179
1	0.562422
1	0.665526
1	0.586861
1	0.608177
1	0.827029
1	0.669353
1	0.706566
1	0.589202
-1	-0.11503
-1	-0.0416487
-1	-0.115054
-1	-0.0606742
-1	-0.0786979
-1	-0.04566
-1	0.0336184
-1	-0.0540364
-1	-0.00612882
-1	0.0381214
-1	-0.0053755
-1	0.0591178
-1	-0.111377
-1	-0.036349
-1	-0.031325
-1	0.0557317
-1	0.137913
-1	0.033805
-1	0.0667902
-1	0.0134278
-1	0.145529
-1	-0.0480529
-1	0.0558402
-1	-0.0158258
-1	-0.0185937
-1	0.0661912
-1	0.116953
-1	0.164852
-1	0.0395459
-1	-0.0254781
-1	0.0243356
-1	-0.113327
-1	0.0525894
-1	-0.0336831
-1	-0.0139619
-1	0.0639481
-1	0.133332
-1	0.0901251
-1	0.155577
-1	0.0635375
-1	-0.0355341
-1	0.0267993
-1	-0.00234599
-1	0.0885567
-1	0.131932
-1	0.170997
-1	0.032194
-1	-0.014829
-1	-0.0877466
-1	0.0228376
-1	0.0259943
-1	0.133518
-1	0.126703
-1	0.124624
-1	0.113731
-1	-0.032244
-1	0.129124
-1	-0.0365451
-1	0.185523
-1	0.0871239
-1	-0.0668607
-1	-0.0661036
-1	0.0190474
-1	0.100332
-1	0.0154942
-1	0.0582002
-1	0.0987554
-1	0.162129
-1	0.199964
-1	0.043792
-1	0.0612777
-1	0.0547793
-1	0.12322
-1	0.130165
-1	0.0205835
-1	0.0945334
-1	0.22916
-1	0.0620867
-1	0.028984
-1	0.158192
-1	0.0634243
-1	0.0270271
-1	-0.0117728
-1	0.0376031
-1	-0.081521
-1	0.0400843
-1	0.0177429
-1	-0.00126536
-1	0.138763
-1	0.0929971
-1	0.0284798
-1	-0.182907
-1	0.12949
-1	-0.0656537
-1	-0.0440336
-1	0.0273495
-1	0.053605
-1	0.220187
-1	-0.0656981
-1	0.114199
-1	-0.0242379
-1	-0.0344138
-1	0.0941401
-1	-0.0452332
-1	0.0759091
-1	0.0142267
-1	0.0245265
-1	0.00898904
-1	0.249485
-1	0.121241
-1	0.028956
-1	0.0947665
-1	0.059584
-1	0.0553608
-1	0.251755
-1	0.0588289
-1	0.139308
-1	-0.163983
-1	0.108019
-1	0.0353894
-1	0.196539
-1	0.148877
-1	-0.00867197
-1	0.159373
-1	0.0768089
-1	0.0963851
-1	0.0141924
-1	-0.0608874
-1	0.0298294
-1	0.0894883
-1	-0.000876242
-1	0.010044
-1	0.0306386
-1	-0.0593863
-1	0.0283304
-1	0.148382
-1	-0.0707445
-1	0.117714
-1	0.0715421
-1	0.0386682
-1	0.0629802
-1	0.0218196
-1	-0.100535
-1	0.101652
-1	-0.0319194
-1	0.156374
-1	-0.0621502
-1	0.189193
-1	0.00811677
-1	0.146199
-1	0.0626185
-1	0.0373165
-1	0.235365
-1	-0.0524302
-1	0.0280453
-1	-0.0367227
-1	0.0773188
-1	-0.109128
-1	0.0516525
-1	-0.0346961
-1	0.130831
-1	0.0585668
-1	0.0745978
-1	-0.0336439
-1	0.0543053
-1	-0.0486759
-1	0.0119331
-1	0.0571803
-1	0.0182032
-1	0.0770808
-1	0.0606445
-1	0.102465
-1	-0.0521549
-1	0.0458528
-1	0.113133
-1	0.0900763
-1	0.0540121
-1	-0.0558309
-1	0.0997816
-1	0.0826615
-1	0.0398623
-1	0.153035
-1	0.182294
-1	0.116787
-1	0.0346815
-1	0.0584015
-1	0.164001
-1	0.0560181
-1	0.146043
-1	0.130658
-1	0.132745
-1	-0.0695722
-1	0.0265173
-1	0.0012186
-1	-0.0180429
-1	0.0666323
-1	0.0308405
-1	0.0429973
-1	-0.0896422
-1	-0.0400674
-1	0.00312737
-1	0.0467322
-1	0.15872
-1	0.19651
-1	0.0149491
-1	0.178721
-1	0.0196317
-1	0.066875
-1	0.0230315
-1	0.0896884
-1	0.0550612
-1	-0.0280438
-1	-0.0220534
-1	-0.0343437
-1	0.0189905
-1	-0.0417661
-1	-0.0126644
-1	0.155149
-1	-0.000630032
-1	0.0474064
-1	0.119982
-1	-0.0321767
-1	0.0406772
-1	0.120959
-1	0.0502256
-1	-0.0772872
-1	-0.0682288
-1	0.0018082
-1	-0.0358603
-1	0.0115713
-1	0.0987675
-1	0.0616772
-1	0.178452
-1	0.0597826
-1	0.135479
-1	0.11826
-1	0.00859776
-1	0.131878
-1	0.104281
-1	0.183833
-1	0.111768
-1	0.0287399
-1	0.0430449
-1	0.165582
-1	0.120075
-1	0.0832278
-1	0.111426
-1	0.0585306
-1	0.0689774
-1	0.0724181
-1	-0.0396021
-1	0.0923723
-1	0.0974383
-1	0.0998055
-1	0.145896
-1	-0.0647216
-1	0.0655662
-1	0.0415111
-1	0.0810863
-1	0.150636
-1	-0.00761817
-1	0.0232289
-1	-0.0895196
-1	0.0925514
-1	0.0252217
-1	-0.0189291
-1	0.0152712
-1	-0.0601296
-1	0.0643729
-1	0.0876483
-1	-0.0172289
-1	-0.0468233
-1	0.114566
-1	0.0192077
-1	0.0500596
-1	-0.00214342
-1	0.019844
-1	-0.0580967
-1	0.0223555
-1	-0.00511774
-1	0.0562441
-1	0.0550413
-1	0.02283
-1	0.00765391
-1	0.0584145
-1	-0.108245
-1	0.0235899
-1	0.105332
-1	0.141952
-1	-0.0960152
-1	0.0905728
-1	0.183914
-1	0.196049
-1	-0.027777
-1	0.0286913
-1	0.0526925
-1	-0.119873
-1	0.111122
-1	0.0216264
-1	0.0948968
1	0.833798
1	0.705284
1	0.580068
1	0.622774
1	0.201885
1	0.400949
1	0.60674
1	0.587875
1	0.682278
1	0.830866
1	0.728442
1	0.636105
1	0.783368
1	0.620851
1	0.74445
1	0.710113
1	0.609217
1	0.755854
1	0.661669
1	0.592238
1	0.774264
1	0.80449
1	0.808206
1	0.487485
1	0.684261
1	0.610188
1	0.420819
1	0.630394
1	0.477476
1	0.556986
1	0.744289
1	0.529413
1	0.617616
1	0.738472
1	0.585679
1	0.515138
1	0.712652
1	0.458286
1	0.639252
1	0.612321
1	0.634154
1	0.596352
1	0.599875
1	0.611324
1	0.765213
1	0.439733
1	0.821139
1	0.78041
1	0.729522
1	0.440311
1	0.489389
1	0.788641
1	0.648252
1	0.542867
1	0.457305
1	0.484171
1	0.724513
1	0.663871
1	0.719305
1	0.750474
1	0.659377
1	0.644938
1	0.733204
1	0.78553
1	0.661812
1	0.751312
1	0.787839
1	0.545103
1	0.483393
1	0.495508
1	0.551851
1	0.84783
1	0.543904
1	0.587939
1	0.407521
1	0.609264
1	0.590929
1	0.5042
1	0.754273
1	0.735247
1	0.694164
1	0.677136
1	0.692147
1	0.540827
1	0.657849
1	0.882948
1	0.546422
1	0.490985
1	0.690329
1	0.574478
1	0.512045
1	0.532551
1	0.671032
1	0.591159
1	0.532739
1	0.872351
1	0.694794
1	0.603105
1	0.682268
1	0.61054
1	0.846023
1	0.672208
1	0.603847
1	0.562405
1	0.594855
1	0.713665
1	0.523913
1	0.727585
1	0.673064
1	0.580168
1	0.631257
1	0.621763
1	0.667494
1	0.68021
1	0.836683
1	0.564314
1	0.624689
1	0.846993
1	0.546575
1	0.59244
1	0.612567
1	0.636403
1	0.341912
1	0.400563
1	0.620536
1	0.600015
1	0.78224
1	0.704183
1	0.605944
1	0.521697
1	0.478908
1	0.664082
1	0.665764
1	0.874629
1	0.640782
1	0.6938
1	0.668348
1	0.639696
1	0.642521
1	0.60472
1	0.625975
1	0.624113
1	0.655009
1	0.520156
1	0.580689
1	0.587153
1	0.478346
1	0.595037
1	0.585025
1	0.566342
1	0.831764
1	0.65339
1	0.648555
1	0.788613
1	0.705906
1	0.390776
1	0.8368
1	0.671932
1	0.672566
1	0.75285
1	0.774048
1	0.704474
1	0.722952
1	0.580502
1	0.53034
1	0.619757
1	0.767796
1	0.755078
1	0.718524
1	0.681951
1	0.729998
1	0.555966
1	0.298994
1	0.408187
1	0.541576
1	0.296049
1	0.589791
1	0.622721
1	0.753521
1	0.453237
1	0.756162
1	0.746662
1	0.606841
1	0.688009
1	0.70395
1	0.788508
1	0.669534
1	0.628431
1	0.370669
1	0.651594
1	0.639672
1	0.762177
1	0.811235
1	0.541376
1	0.624324
1	0.581639
1	0.697576
1	0.607292
1	0.689916
1	0.593619
1	0.707906
1	0.637179
1	0.690012
1	0.319508
1	0.607433
1	0.567798
1	0.542253
1	0.596831
1	0.58309
1	0.70264
1	0.604188
1	0.78364
1	0.637617
1	0.676457
1	0.78114
1	0.677807
1	0.639398
1	0.597786
1	0.485262
1	0.578545
1	0.445623
1	0.388464
1	0.814727
1	0.761184
1	0.730547
1	0.690419
1	0.816561
1	0.753955
1	0.601174
1	0.798423
1	0.810183
1	0.735865
1	0.736791
1	0.753515
1	0.613085
1	0.330253
1	0.428962
1	0.37593
1	0.473659
1	0.551197
1	0.650664
1	0.49482
1	0.510734
1	0.357973
1	0.516481
1	0.462147
1	0.521205
1	0.417652
1	0.803232
1	0.670835
1	0.580231
1	0.645974
1	0.700883
1	0.514227
1	0.60137
1	0.526765
1	0.665662
1	0.775566
1	0.58138
1	0.453714
1	0.669101
1	0.603494
1	0.856328
1	0.494186
1	0.635254
1	0.44603
1	0.653567
1	0.70505
1	0.642821
1	0.539167
1	0.651795
1	0.759479
1	0.577895
1	0.483266
1	0.602682
1	0.522912
1	0.722449
1	0.684798
1	0.583145
1	0.644121
1	0.197994
1	0.593846
1	0.437799
1	0.763717
1	0.402318
1	0.846093
1	0.529211
1	0.560912
1	0.448986
1	0.808525
1	0.407148
1	0.60904
1	0.643372
1	0.38659
1	0.410932
1	0.585576
1	0.746221
1	0.660641
1	0.837842
1	0.749907
-1	0.0146148
-1	-0.0161288
-1	0.166029
-1	0.0202334
-1	-0.077125
-1	0.00552531
-1	0.0263971
-1	0.0667721
-1	-0.0100367
-1	-0.0105011
-1	-0.0658154
-1	0.118204
-1	0.199788
-1	0.058462
-1	0.0406161
-1	-0.131554
-1	0.0229077
-1	0.120629
-1	-0.0262123
-1	0.0631711
-1	0.201565
-1	0.087733
-1	0.0104439
-1	-0.0794305
-1	0.0832973
-1	-0.123227
-1	0.0995492
-1	0.100389
-1	-0.0693413
-1	0.100879
-1	0.0296567
-1	0.162448
-1	-0.128117
-1	0.236579
-1	0.0146297
-1	0.157541
-1	0.0897234
-1	0.152468
-1	0.12485
-1	0.174118
-1	-0.0227135
-1	-0.0591426
-1	0.133899
-1	0.204633
-1	0.189714
-1	0.166773
-1	0.0220674
-1	0.0230239
-1	-0.00514336
-1	0.0874835
-1	0.256174
-1	0.0730893
-1	-0.00656332
-1	-0.0295278
-1	-0.0311828
-1	0.128346
-1	-0.0461937
-1	0.00486344
-1	0.0016027
-1	-0.0117999
-1	-0.047915
-1	0.109569
-1	0.00367711
-1	0.00929877
-1	-0.0697783
-1	0.0206399
-1	0.0245276
-1	-0.00625251
-1	0.0302221
-1	0.235601
-1	0.0328919
-1	0.101156
-1	0.0101743
-1	-0.0902554
-1	0.0227027
-1	0.102029
-1	0.064304
-1	-0.0248675
-1	0.180114
-1	0.211822
-1	0.0327103
-1	0.0316207
-1	0.0942787
-1	0.134039
-1	0.072064
-1	0.0288983
-1	0.0768748
-1	-0.0310266
-1	0.131053
-1	0.0419514
-1	-0.0718255
-1	0.0100819
-1	0.06409
-1	0.0485675
-1	0.276852
-1	0.197956
-1	0.0641932
-1	0.0272059
-1	-0.00631761
-1	-0.00511438
-1	-0.0845956
-1	-0.0648419
-1	-0.0272234
-1	0.0932268
-1	0.0310537
-1	-0.0346954
-1	-0.228877
-1	0.011613
-1	0.121031
-1	-0.0705963
-1	0.103283
-1	0.0893208
-1	0.0469922
-1	-0.0359746
-1	0.0639757
-1	-0.0133301
-1	0.0510648
-1	0.00516939
-1	0.176158
-1	0.274499
-1	0.197216
-1	0.164852
-1	0.00636941
-1	-0.0106776
-1	0.00363372
-1	0.102492
-1	0.0093803
-1	0.0423496
-1	0.0530033
-1	0.00848624
-1	0.00028797
-1	-0.0714954
-1	0.151246
-1	-0.0252125
-1	-0.0742698
-1	0.0403754
-1	-0.0672288
-1	0.0573023
-1	0.24074
-1	-0.0895536
-1	0.0117877
-1	0.0414928
-1	0.001135
-1	0.0651788
-1	0.114203
-1	0.0291652
-1	0.00748664
-1	0.0429701
-1	-0.0405287
-1	-0.111696
-1	-0.0299812
-1	0.0523674
-1	0.165367
-1	0.019861
-1	0.041614
-1	0.0218382
-1	0.0299174
-1	0.0946142
-1	0.000796401
-1	0.121683
-1	0.0345837
-1	0.0171807
-1	0.0565907
-1	0.0994121
-1	0.0342726
-1	0.057157
-1	-0.000135751
-1	0.0792151
-1	-0.0186661
-1	0.0588829
-1	0.110188
-1	0.0798
-1	0.0723004
-1	0.0756992
-1	0.114225
-1	0.142227
-1	0.0721162
-1	0.0500233
-1	0.0361402
-1	0.073318
-1	0.0752432
-1	0.0907943
-1	0.0526887
-1	-0.0720557
-1	-0.1338
-1	-0.186358
-1	-0.0415738
-1	0.06235
-1	-0.0290266
-1	-0.0225637
-1	0.215525
-1	-0.0572668
-1	0.0485362
-1	-0.0392329
-1	0.0479796
-1	0.0140123
-1	-0.118918
-1	0.199473
-1	0.236659
-1	0.0770574
-1	-0.221105
-1	-0.00274375
-1	0.0467641
-1	-0.167013
-1	0.0138884
-1	-0.0773451
-1	-0.00163817
-1	0.0860535
-1	0.0590534
-1	0.223615
-1	0.0062229
-1	-0.14007
-1	0.0950096
-1	-0.0397018
-1	0.0499875
-1	0.0780774
-1	0.0966856
-1	-0.0431519
-1	-0.050702
-1	-0.0236128
-1	0.0105245
-1	0.00511907
-1	0.114073
-1	0.120659
-1	-0.0255047
-1	0.139992
-1	0.0723025
-1	0.0997543
-1	-0.0295808
-1	0.0333138
-1	0.061695
-1	0.0232744
-1	0.0813921
-1	0.0326844
-1	0.024983
-1	0.0794714
-1	0.163373
-1	0.0353401
-1	-0.041485
-1	0.0820111
-1	0.115069
-1	0.0795121
-1	-0.109434
-1	0.000151376
-1	0.0173573
-1	0.222866
-1	0.179998
-1	0.104963
-1	-0.0732074
-1	0.2638
-1	0.0125927
-1	0.0082843
-1	-0.042022
-1	0.0777535
-1	-0.0231123
-1	0.0273444
-1	-0.0506658
-1	0.000712996
-1	-0.0176941
-1	0.304409
-1	0.115795
-1	0.263833
-1	0.139934
-1	-0.0134121
-1	0.081373
-1	0.0202784
-1	0.323707
-1	-0.00521367
-1	0.00635047
-1	0.0457915
-1	0.0445392
-1	0.0740285
-1	0.0865568
-1	-0.0371545
-1	-0.0185176
-1	0.0292164
-1	0.136891
-1	-0.1094
-1	0.0430261
-1	0.193362
-1	0.00222681
-1	0.0617824
-1	-0.0476994
-1	0.0705011
-1	0.0957521
-1	0.052841
-1	0.029067
-1	0.0731132
-1	0.0461349
-1	-0.0822393
-1	0.0479067
-1	0.0182356
-1	0.118502
-1	0.0683033
-1	0.0264117
-1	0.010726
-1	0.0636822
-1	0.037032
-1	0.0451098
-1	0.229515
