-1	0.000527987
-1	0.104827
-1	0.0280079
-1	-0.0468834
-1	0.0986631
-1	0.0452982
-1	0.0771119
-1	0.0501932
-1	0.0785638
-1	0.0181304
-1	0.0282911
-1	-0.0722436
-1	0.111857
-1	-0.152772
-1	0.18359
-1	0.12806
-1	0.0791189
-1	-0.0053258
-1	0.0239635
-1	0.0127816
-1	0.0398179
-1	0.0138581
-1	0.0429043
-1	0.0198317
-1	0.190719
-1	-0.0689277
-1	0.0648117
-1	0.182545
-1	0.0673074
-1	0.0912834
-1	-0.00921962
-1	0.0911772
-1	-0.0493301
-1	0.134604
-1	0.142507
-1	0.0651197
-1	-0.00829177
-1	-0.0255319
-1	0.0890248
-1	-0.109986
-1	0.0344815
-1	0.141468
-1	0.155605
-1	-0.0342057
-1	0.120595
-1	0.0977313
-1	0.0218822
-1	0.107246
-1	0.0466462
-1	0.107934
-1	-0.0870399
-1	0.0778884
-1	0.0449796
-1	-0.00734799
-1	-0.00750189
-1	-0.0330588
-1	-0.0400174
-1	0.0813212
-1	0.14189
-1	0.111092
-1	0.0738957
-1	0.043627
-1	-0.0308406
-1	0.105896
-1	-0.0373415
-1	0.0420112
-1	0.0153531
-1	0.0784634
-1	-0.0341755
-1	0.0936234
-1	0.0303664
-1	0.000733269
-1	-0.0226449
-1	0.0764794
1	0.671587
1	0.660477
1	0.767362
1	0.748516
1	0.578516
1	0.457539
1	0.743218
1	0.485547
1	0.649534
1	0.615
1	0.519624
1	0.633837
1	0.707115
1	0.633866
1	0.680264
1	0.662454
1	0.466231
1	0.401366
1	0.461091
1	0.456056
1	0.516808
1	0.560242
1	0.537557
1	0.487997
1	0.592938
1	0.378165
1	0.346352
1	0.422549
1	0.382758
1	0.167715
1	0.558125
1	0.520109
1	0.564943
1	0.370763
1	0.582732
1	0.691953
1	0.620724
1	0.449907
1	0.701768
1	0.667306
1	0.601444
1	0.55429
1	0.797278
1	0.512645
1	0.590797
1	0.587288
1	0.466541
1	0.700139
1	0.667854
1	0.388888
1	0.407956
1	0.413027
1	0.505114
1	0.549267
1	0.620963
1	0.257305
1	0.67404
1	0.403593
1	0.597904
1	0.625121
1	0.445713
1	0.435646
1	0.479507
1	0.58176
1	0.52052
1	0.752681
1	0.541377
1	0.631283
1	0.656515
1	0.582932
1	0.53776
1	0.407953
1	0.377412
1	0.531523
1	0.332231
1	0.550954
1	0.417734
1	0.496384
1	0.577754
1	0.752154
1	0.613229
1	0.600793
1	0.434332
1	0.632744
1	0.544914
1	0.499191
1	0.508784
1	0.656305
1	0.753985
1	0.536488
1	0.652012
1	0.562362
1	0.622767
1	0.625274
1	0.55073
1	0.511614
1	0.652981
1	0.42371
1	0.546245
1	0.622461
1	0.569955
1	0.71862
1	0.810104
1	0.697204
1	0.568322
1	0.611842
1	0.667435
1	0.624154
1	0.486859
1	0.534188
1	0.32921
1	0.658829
1	0.664781
1	0.666532
1	0.597787
1	0.438225
1	0.678708
1	0.657073
1	0.608548
1	0.421943
1	0.630432
1	0.67466
1	0.507283
1	0.581642
1	0.584842
1	0.475422
1	0.590583
1	0.69995
1	0.496149
1	0.456795
1	0.717678
1	0.494461
1	0.535412
1	0.453689
1	0.616854
1	0.57154
1	0.452358
1	0.592441
1	0.593141
1	0.567702
1	0.376937
1	0.660529
1	0.637705
1	0.546145
1	0.586525
1	0.63322
1	0.404412
1	0.333508
1	0.52213
1	0.315254
1	0.498716
1	0.411959
1	0.75988
1	0.62161
1	0.635523
1	0.705348
1	0.576473
1	0.631725
1	0.850183
1	0.632583
1	0.635808
1	0.486751
1	0.624296
1	0.594423
1	0.496492
1	0.50704
1	0.615685
1	0.580775
1	0.633596
1	0.594597
1	0.607979
1	0.724959
1	0.615443
1	0.364679
1	0.462643
1	0.689328
1	0.715532
1	0.255313
1	0.304881
1	0.708152
1	0.617243
1	0.646923
1	0.698261
1	0.731055
1	0.483827
1	0.58336
1	0.416744
1	0.255566
1	0.460477
1	0.616761
1	0.73824
1	0.563308
1	0.552527
1	0.6797
1	0.361382
1	0.386926
1	0.600949
1	0.62124
1	0.650968
1	0.613276
1	0.751805
1	0.492859
1	0.472616
1	0.619742
1	0.655635
1	0.518965
1	0.506825
1	0.546168
1	0.578209
1	0.620181
1	0.600558
1	0.686298
1	0.484451
1	0.641296
1	0.508357
1	0.496597
1	0.719771
1	0.495446
1	0.552111
1	0.62067
1	0.614702
1	0.564227
1	0.621078
1	0.672288
1	0.715064
1	0.80856
1	0.373092
1	0.470413
1	0.687237
1	0.344644
1	0.657973
1	0.335883
1	0.58188
1	0.676232
1	0.703419
1	0.542426
1	0.502928
1	0.67394
1	0.49791
1	0.452942
1	0.595407
1	0.357258
1	0.517448
1	0.580636
1	0.291676
1	0.537676
1	0.468571
1	0.484243
1	0.525678
1	0.585553
1	0.501929
1	0.428336
1	0.678111
1	0.642887
1	0.589207
1	0.496633
1	0.474331
1	0.574964
1	0.635106
1	0.453306
1	0.589459
1	0.433212
1	0.31164
1	0.824609
1	0.558795
1	0.593233
1	0.599515
1	0.334973
1	0.570189
1	0.573733
1	0.333596
1	0.632056
1	0.508218
1	0.579983
1	0.489557
1	0.382934
1	0.605948
1	0.609492
1	0.52374
1	0.395916
1	0.610164
1	0.440916
1	0.550331
1	0.738165
1	0.725768
1	0.480102
1	0.461818
1	0.604504
1	0.494392
1	0.603186
1	0.562196
1	0.562415
1	0.53985
1	0.595207
1	0.55357
1	0.677812
1	0.64736
1	0.700697
1	0.5547
1	0.399354
-1	-0.0300169
-1	0.141897
-1	0.046425
-1	0.0378959
-1	0.0636132
-1	0.148151
-1	-0.0710403
-1	-0.0681187
-1	-0.0265157
-1	-0.0386462
-1	0.204883
-1	-0.0193178
-1	0.100378
-1	0.0393852
-1	0.155016
-1	0.0151951
-1	0.0163279
-1	0.196253
-1	-0.0814999
-1	0.20379
-1	0.17022
-1	0.0255202
-1	0.0466825
-1	-0.0102468
-1	0.0276225
-1	-0.0729469
-1	0.0351564
-1	-0.0123578
-1	0.0325985
-1	0.0641506
-1	0.0712657
-1	0.0378976
-1	0.0460246
-1	0.0131109
-1	-0.0418204
-1	0.111615
-1	0.0648717
-1	0.0712068
-1	0.0326078
-1	-0.0338865
-1	0.104847
-1	0.0977889
-1	0.0580583
-1	0.132628
-1	-0.0736431
-1	0.0759953
-1	0.0909136
-1	0.0656
-1	0.0908302
-1	0.00476565
-1	-0.0398478
-1	0.101218
-1	0.140211
-1	0.0165306
-1	0.0405113
-1	0.0382526
-1	0.109798
-1	0.0104214
-1	0.139916
-1	-0.0767907
-1	0.147146
-1	0.14881
-1	0.0787132
-1	0.0782098
-1	-0.104279
-1	-0.000964017
-1	-0.0340658
-1	0.0581801
-1	0.11305
-1	0.0493979
-1	0.181292
-1	0.00280195
-1	0.0944616
-1	0.0322621
-1	0.11053
-1	-0.0179799
-1	0.108918
-1	0.05351
-1	-0.029411
-1	0.0809875
-1	-0.0250702
-1	0.212241
-1	0.0906875
-1	-0.00876721
-1	0.150595
-1	0.0593919
-1	0.00865829
-1	0.24056
-1	0.0154891
-1	0.00378435
-1	-0.110313
-1	0.0353717
-1	-0.0569809
-1	0.0217269
-1	-0.0200188
-1	0.0803393
-1	-0.0239347
-1	0.0060158
-1	0.029817
-1	0.0380068
-1	0.105581
-1	0.0688442
-1	0.128871
-1	0.0480823
-1	-0.0110585
-1	-0.0180552
-1	0.0444054
-1	0.0767313
-1	0.0410174
-1	-0.100615
-1	0.116511
-1	0.100233
-1	-0.0196122
-1	0.129345
-1	0.0129094
-1	0.00437524
-1	0.0608135
-1	-0.0621078
-1	0.125039
-1	0.0666523
-1	-0.0935776
-1	0.0453032
-1	-0.0704024
-1	-0.0788181
-1	-0.00713667
-1	0.033711
-1	0.00412581
-1	0.0677825
-1	0.068647
-1	0.076293
-1	-0.0910667
-1	-0.0270433
-1	0.0395932
-1	-0.0195902
-1	-0.0852881
-1	0.00215867
-1	0.0324723
-1	0.071013
-1	0.0367645
-1	0.0218946
-1	0.00802477
-1	0.00789097
-1	0.0841119
-1	0.0909542
-1	0.132473
-1	0.10323
-1	0.0491785
-1	0.0424181
-1	0.147609
-1	0.013007
-1	-0.0294429
-1	0.0141419
-1	0.0898294
-1	-0.0610197
-1	0.112807
-1	0.0197016
-1	0.111111
-1	-0.0370142
-1	0.057404
-1	0.201578
-1	0.0947931
-1	0.106264
-1	0.202608
-1	0.0552876
-1	0.044117
-1	-0.0613651
-1	0.0241326
-1	-0.0298087
-1	0.0386453
-1	0.0553635
-1	0.122455
-1	0.0391059
-1	0.165299
-1	0.0665953
-1	0.0916834
-1	0.014554
-1	-0.00925902
-1	0.0113524
-1	0.0555651
-1	-0.0523539
-1	0.0425474
-1	0.044162
-1	-0.0494082
-1	-0.0482537
-1	0.0545858
-1	0.0230254
-1	0.0130189
-1	0.000742322
-1	0.0184237
-1	0.149457
-1	0.0759291
-1	-0.078309
-1	0.0442241
-1	-0.00803106
-1	0.0120829
-1	-0.0251861
-1	0.136095
-1	0.103955
-1	0.082497
-1	0.0664412
-1	-0.152342
-1	0.0868704
-1	-0.0601927
-1	0.0172342
-1	0.0447212
-1	0.00696137
-1	-0.0185121
-1	-0.0159103
-1	0.160738
-1	0.0248197
-1	0.0253066
-1	0.0355396
-1	-0.00750609
-1	0.0854931
-1	-0.0926451
-1	-0.00489008
-1	0.00170036
-1	0.109148
-1	0.00889465
-1	0.0468192
-1	0.0593626
-1	0.00833873
-1	0.196197
-1	0.00415544
-1	-0.0168128
-1	0.0508399
-1	0.0312946
-1	-0.0449326
-1	0.0294581
-1	0.0270619
-1	0.0810007
-1	-0.0653393
-1	0.115443
-1	0.0432155
-1	0.0399946
-1	0.0984705
-1	0.162655
-1	0.0610454
-1	0.0212563
-1	0.146181
-1	-0.00842635
-1	0.0737508
-1	0.0537546
-1	-0.0477255
-1	0.233545
-1	-0.0604465
-1	0.0829163
-1	-0.0637773
-1	0.0708123
-1	0.0707093
-1	0.0733879
-1	0.0126626
-1	-0.0331675
-1	0.038685
-1	0.153819
-1	-0.00372693
-1	0.0912282
-1	0.133471
-1	0.0880572
-1	-0.0314526
-1	0.030808
-1	0.139044
-1	0.0347997
-1	0.0595758
-1	0.0468879
-1	0.0931303
-1	-0.0902758
-1	0.0529883
-1	0.0179008
-1	0.0773373
-1	0.0809743
-1	0.0314254
-1	-0.0696739
-1	0.101371
-1	0.0666029
-1	0.0656158
-1	0.092319
-1	-0.0551696
-1	-0.114576
-1	0.181173
-1	0.0359035
-1	0.0448332
-1	0.142466
-1	0.128763
-1	0.0980375
-1	0.0525926
-1	0.00228977
-1	0.0293061
-1	0.0504726
-1	0.0772697
-1	0.0553658
-1	0.0402377
-1	0.00122725
-1	0.0954053
-1	-0.00592933
-1	0.0387984
-1	0.0914243
-1	0.0432168
-1	-0.0156512
-1	0.0137731
1	0.509869
1	0.625158
1	0.648307
1	0.642224
1	0.619496
1	0.345054
1	0.485646
1	0.801931
1	0.570912
1	0.683034
1	0.601108
1	0.501121
1	0.513511
1	0.43477
1	0.434849
1	0.493225
1	0.53947
1	0.548067
1	0.707153
1	0.743124
1	0.819168
1	0.556123
1	0.608821
1	0.517691
1	0.745651
1	0.645016
1	0.691449
1	0.513042
1	0.390305
1	0.232882
1	0.358706
1	0.615973
1	0.606703
1	0.104664
1	0.249356
1	0.393083
1	0.430499
1	0.559614
1	0.540041
1	0.537154
1	0.541693
1	0.603374
1	0.577776
1	0.822223
1	0.573858
1	0.414872
1	0.59212
1	0.454072
1	0.615208
1	0.658301
1	0.591084
1	0.502862
1	0.684729
1	0.570356
1	0.354069
1	0.43896
1	0.568294
1	0.693991
1	0.717975
1	0.681057
1	0.592001
1	0.6136
1	0.676859
1	0.619741
1	0.561418
1	0.65496
1	0.396231
1	0.192762
1	0.217183
1	0.303827
1	0.284472
1	0.388401
1	0.490185
1	0.476284
1	0.365544
1	0.364868
1	0.623303
1	0.66125
1	0.469711
1	0.614951
1	0.679931
1	0.734316
1	0.582586
1	0.600035
1	0.587101
1	0.606467
1	0.665113
1	0.64376
1	0.561181
1	0.44336
1	0.580667
1	0.538377
1	0.597014
1	0.49725
1	0.557904
1	0.458121
1	0.42141
1	0.613256
1	0.618373
1	0.384414
1	0.728074
1	0.446164
1	0.753921
1	0.448755
1	0.459616
1	0.466782
1	0.578107
1	0.432557
1	0.577558
1	0.574063
1	0.418872
1	0.480807
1	0.662314
1	0.687535
1	0.748676
1	0.697637
1	0.697971
1	0.776502
1	0.765837
1	0.809105
1	0.680593
1	0.711481
1	0.613641
1	0.652537
1	0.526132
1	0.394365
1	0.552352
1	0.572576
1	0.529004
1	0.33508
1	0.524387
1	0.459475
1	0.661725
1	0.650292
1	0.712112
1	0.557547
1	0.523701
1	0.678873
1	0.456984
1	0.728206
1	0.440159
1	0.436217
1	0.275212
1	0.3499
1	0.300783
1	0.491282
1	0.364406
1	0.792304
1	0.635495
1	0.686487
1	0.656996
1	0.583958
1	0.385435
1	0.518013
1	0.621885
1	0.563686
1	0.514041
1	0.674981
1	0.405163
1	0.601288
1	0.552466
1	0.591133
1	0.502467
1	0.861421
1	0.657873
1	0.709989
1	0.705702
1	0.79256
1	0.699797
1	0.74139
1	0.459548
1	0.592378
1	0.446885
1	0.537037
1	0.566629
1	0.699974
1	0.72063
1	0.721631
1	0.555505
1	0.413181
1	0.721744
1	0.474598
1	0.751717
1	0.479955
1	0.613191
1	0.734922
1	0.768583
1	0.646332
1	0.51953
1	0.520563
1	0.703266
1	0.477736
1	0.513768
1	0.440641
1	0.557913
1	0.41224
1	0.686007
1	0.537599
1	0.632872
1	0.537985
1	0.519558
1	0.613961
1	0.528311
1	0.533685
1	0.617623
1	0.561082
1	0.514627
1	0.63136
1	0.646112
1	0.547675
1	0.489994
1	0.456958
1	0.637432
1	0.350589
1	0.761457
1	0.752092
1	0.387887
1	0.362995
1	0.604156
1	0.518538
1	0.336299
1	0.604843
1	0.558431
1	0.645841
1	0.623439
1	0.579868
1	0.451521
1	0.546377
1	0.485525
1	0.720661
1	0.542431
1	0.497767
1	0.439137
1	0.471999
1	0.462944
1	0.692611
1	0.564994
1	0.58973
1	0.34028
1	0.784186
1	0.578649
1	0.492231
1	0.518744
1	0.538512
1	0.521891
1	0.644478
1	0.624127
1	0.543167
1	0.385666
1	0.493875
1	0.513233
1	0.534724
1	0.647211
1	0.63948
1	0.642507
1	0.674602
1	0.533199
1	0.885773
1	0.733145
1	0.671665
1	0.766582
1	0.270715
1	0.596783
1	0.507686
1	0.422012
1	0.398996
1	0.56339
1	0.538057
1	0.486325
1	0.637319
1	0.624959
1	0.681677
1	0.67326
1	0.284002
1	0.584636
1	0.654637
1	0.622154
1	0.605757
1	0.456691
1	0.568435
1	0.363742
1	0.602924
1	0.61561
1	0.476849
1	0.405249
1	0.625558
1	0.430714
1	0.504238
1	0.680629
1	0.520423
1	0.623136
1	0.684105
1	0.474381
1	0.603718
1	0.639377
1	0.619957
1	0.772548
1	0.606811
1	0.499153
1	0.521286
-1	0.0464758
-1	0.0736097
-1	-0.00623392
-1	0.10767
-1	0.1028
-1	0.0097228
-1	-0.0283851
-1	-0.0858613
-1	-0.106589
-1	0.0811562
-1	0.0551077
-1	-0.0294351
-1	0.147815
-1	-0.0149464
-1	-0.142315
-1	-0.00181581
-1	-0.01535
-1	-0.0414582
-1	-0.0773167
-1	-0.212098
-1	0.0421493
-1	0.0739047
-1	0.0410919
-1	0.0609947
-1	-0.0935355
-1	-0.118906
-1	0.0570438
-1	0.129816
-1	0.0500908
-1	0.17729
-1	-0.00569418
-1	-0.0987788
-1	-0.0458145
-1	0.00599429
-1	2.57405e-05
-1	0.104398
-1	-0.0448602
-1	0.0517407
-1	0.10639
-1	-0.0168566
-1	0.116084
-1	-0.0184391
-1	-0.0380993
-1	0.043301
-1	0.0189479
-1	0.0664777
-1	0.0504389
-1	0.0771082
-1	0.0594733
-1	-0.0766914
-1	-0.0973041
-1	-0.0555884
-1	0.0772921
-1	0.110435
-1	-0.0266329
-1	-0.00977304
-1	0.11367
-1	-0.0352562
-1	0.115034
-1	0.00283707
-1	0.0545537
-1	0.169198
-1	0.102257
-1	0.0841858
-1	-0.0442107
-1	0.0163183
-1	0.0491187
-1	-0.000732055
-1	0.0308485
-1	-0.0541776
-1	0.00622401
-1	-0.0225382
-1	0.094249
-1	0.197227
-1	0.128961
-1	0.0248964
-1	0.0705144
-1	0.0532652
-1	0.0797982
-1	0.0549095
-1	0.040306
-1	-0.0950207
-1	0.0834066
-1	0.00171537
-1	0.014762
-1	0.0278232
-1	0.0367393
-1	-0.0767097
-1	0.0175745
-1	0.169269
-1	0.00559232
-1	0.0386072
-1	0.0810791
-1	0.0460732
-1	0.0670794
-1	-0.0131452
-1	0.0411274
-1	-0.0662843
-1	0.0695848
-1	0.0814382
-1	0.0552376
-1	0.0581184
-1	0.0422003
-1	0.102795
-1	0.224908
-1	0.127268
-1	-0.0389953
-1	0.203362
-1	-0.0840216
-1	0.122395
-1	-0.0988062
-1	0.00614539
-1	-0.0348344
-1	-0.0791185
-1	0.0224108
-1	0.140922
-1	-0.0185869
-1	0.00478362
-1	0.154436
-1	0.351264
-1	0.00685161
-1	0.0323666
-1	0.0563816
-1	0.12492
-1	0.0609714
-1	0.153994
-1	0.0460914
-1	0.109249
-1	0.0913038
-1	-0.0757821
-1	0.122338
-1	0.0553079
-1	0.277272
-1	0.192416
-1	-0.071582
-1	-0.0538434
-1	-0.0871085
-1	-0.0221326
-1	-0.00700198
-1	-0.0178214
-1	0.0200731
-1	-0.145808
-1	0.0743361
-1	0.0442214
-1	-0.0364567
-1	-0.0635555
-1	0.0272347
-1	0.150377
-1	0.223095
-1	0.0570331
-1	0.142626
-1	0.0379818
-1	0.0903604
-1	0.0129652
-1	0.017335
-1	0.0205287
-1	0.00781473
-1	-0.105196
-1	0.0873663
-1	0.172098
-1	0.0231117
-1	0.0912725
-1	-0.0732254
-1	0.0253124
-1	-0.00640019
-1	0.0720616
-1	0.156847
-1	0.0352706
-1	0.118832
-1	-0.0438543
-1	-0.0124027
-1	-0.042266
-1	0.143033
-1	0.00940622
-1	-0.0153129
-1	0.123226
-1	0.0547258
-1	0.00829055
-1	-0.0252446
-1	0.0649763
-1	0.150888
-1	0.0609282
-1	-0.026522
-1	0.0946538
-1	0.0500614
-1	0.0203299
-1	0.0759584
-1	0.00625564
-1	0.00573926
-1	0.132567
-1	0.0630241
-1	-0.0023904
-1	0.0300177
-1	0.0759051
-1	0.0361772
-1	0.0710239
-1	0.147539
-1	0.11489
-1	9.07818e-05
-1	0.0839884
-1	0.106739
-1	-0.0221415
-1	0.103599
-1	0.010282
-1	-0.0917474
-1	-0.0427087
-1	0.0459537
-1	0.0114895
-1	-0.104374
-1	0.025247
-1	0.200999
-1	-0.00201789
-1	0.0326877
-1	0.0613657
-1	-0.0199852
-1	0.11144
-1	-0.0784029
-1	-0.0570775
-1	-0.0569438
-1	0.0837924
-1	-0.00879434
-1	0.0578176
-1	-0.0786631
-1	-0.0196782
-1	0.207248
-1	-0.149567
-1	0.107489
-1	0.0127713
-1	0.0384635
-1	0.0689331
-1	0.104794
-1	0.0196228
-1	-0.015762
-1	0.116881
-1	0.169031
-1	0.0215785
-1	-0.0120228
-1	-0.0709475
-1	-0.138278
-1	-0.118138
-1	-0.00927699
-1	0.126449
-1	0.20387
-1	-0.0374565
-1	0.17567
-1	0.146668
-1	0.00114948
-1	-0.063616
-1	-0.0470127
-1	0.154897
-1	0.0911447
-1	0.00493422
-1	-0.0169337
-1	0.0816901
-1	0.204514
-1	0.0691922
-1	0.0372177
-1	0.0598291
-1	0.0197042
-1	-0.113617
-1	0.0895237
-1	0.00971956
-1	0.0304578
-1	0.180686
-1	0.0967081
-1	0.0747201
-1	0.137909
-1	-0.00290598
-1	-0.0184415
-1	0.0375882
-1	0.100233
-1	0.14235
-1	-0.0594051
-1	-0.0439659
-1	-0.0632459
-1	0.0575889
-1	-0.0337715
-1	0.146449
-1	0.069267
-1	0.0604578
-1	0.0571214
-1	0.0667725
-1	0.201278
-1	0.109122
-1	0.0828288
-1	0.0295653
-1	0.0119125
-1	0.0980926
-1	0.117538
-1	0.111995
-1	-0.0465309
-1	0.100801
-1	-0.0367866
-1	-0.0309315
-1	0.189652
-1	0.126913
-1	0.0437088
-1	0.017133
-1	0.139923
-1	0.0916362
1	0.514471
1	0.252997
1	0.424248
1	0.600516
1	0.490322
1	0.640807
1	0.65754
1	0.618146
1	0.561769
1	0.658706
1	0.569819
1	0.663003
1	0.175914
1	0.301867
1	0.388815
1	0.324876
1	0.564722
1	0.555468
1	0.496429
1	0.371449
1	0.236218
1	0.403387
1	0.692532
1	0.673742
1	0.720582
1	0.631899
1	0.658478
1	0.559872
1	0.557834
1	0.487324
1	0.459513
1	0.428782
1	0.458447
1	0.357502
1	0.590004
1	0.527145
1	0.699118
1	0.652762
1	0.478219
1	0.691636
1	0.650099
1	0.716618
1	0.507132
1	0.244067
1	0.5982
1	0.315106
1	0.501206
1	0.816397
1	0.641619
1	0.550386
1	0.516212
1	0.206895
1	0.693761
1	0.26867
1	0.591796
1	0.578632
1	0.650198
1	0.450061
1	0.589483
1	0.672468
1	0.687202
1	0.045748
1	0.52524
1	0.56801
1	0.568577
1	0.600017
1	0.668908
1	0.533282
1	0.604767
1	0.459127
1	0.593036
1	0.14688
1	0.480434
1	0.450788
1	0.521069
1	0.545089
1	0.548957
1	0.538244
1	0.421274
1	0.372831
1	0.54625
1	0.559599
1	0.555836
1	0.475588
1	0.627695
1	0.611697
1	0.583578
1	0.466134
1	0.802496
1	0.796793
1	0.885752
1	0.669342
1	0.667106
1	0.753384
1	0.366507
1	0.676539
1	0.626089
1	0.606723
1	0.548673
1	0.426611
1	0.427319
1	0.759295
1	0.722875
1	0.495703
1	0.806145
1	0.518646
1	0.411683
1	0.45958
1	0.632174
1	0.439174
1	0.590597
1	0.453121
1	0.57522
1	0.536278
1	0.635764
1	0.689146
1	0.770685
1	0.427792
1	0.315463
1	0.329285
1	0.719772
1	0.734456
1	0.352985
1	0.401735
1	0.456252
1	0.286216
1	0.543559
1	0.683827
1	0.298693
1	0.537317
1	0.685554
1	0.249489
1	0.316757
1	0.567141
1	0.613183
1	0.647349
1	0.530096
1	0.450386
1	0.475669
1	0.700011
1	0.556283
1	0.674867
1	0.750648
1	0.5058
1	0.410596
1	0.688396
1	0.648584
1	0.414744
1	0.394546
1	0.472715
1	0.287742
1	0.587927
1	0.623113
1	0.598612
1	0.725808
1	0.712744
1	0.525914
1	0.411941
1	0.514817
1	0.4841
1	0.472951
1	0.798694
1	0.584661
1	0.708533
1	0.61242
1	0.515536
1	0.679793
1	0.465264
1	0.468121
1	0.397811
1	0.543928
1	0.418537
1	0.559806
1	0.537353
1	0.438626
1	0.599276
1	0.388962
1	0.557624
1	0.44557
1	0.438138
1	0.439075
1	0.5012
1	0.679424
1	0.804592
1	0.701764
1	0.733863
1	0.480108
1	0.619757
1	0.561419
1	0.560008
1	0.447664
1	0.5228
1	0.668892
1	0.592405
1	0.676845
1	0.514977
1	0.394454
1	0.70846
1	0.676161
1	0.686702
1	0.592699
1	0.904656
1	0.618189
1	0.713264
1	0.451587
1	0.553973
1	0.259904
1	0.297159
1	0.516767
1	0.116755
1	0.842094
1	0.509432
1	0.548675
1	0.655902
1	0.699112
1	0.541323
1	0.521734
1	0.555477
1	0.461017
1	0.488195
1	0.50674
1	0.627119
1	0.617932
1	0.551222
1	0.589803
1	0.57305
1	0.414279
1	0.475299
1	0.500198
1	0.689703
1	0.674937
1	0.654905
1	0.919811
1	0.607181
1	0.764584
1	0.635401
1	0.622779
1	0.667598
1	0.541332
1	0.458101
1	0.366358
1	0.465071
1	0.36352
1	0.447186
1	0.42064
1	0.598528
1	0.537192
1	0.518429
1	0.390752
1	0.517189
1	0.525851
1	0.446385
1	0.524509
1	0.548332
1	0.343287
1	0.252334
1	0.231783
1	0.499904
1	0.570285
1	0.588678
1	0.684182
1	0.543132
1	0.851795
1	0.594439
1	0.448709
1	0.504168
1	0.673956
1	0.417513
1	0.645196
1	0.439162
1	0.561286
1	0.647332
1	0.404335
1	0.536763
1	0.515682
1	0.422886
1	0.455214
1	0.720274
1	0.587383
1	0.586222
1	0.423886
1	0.307257
1	0.55541
1	0.557709
1	0.651623
1	0.597298
1	0.646079
1	0.620398
1	0.473964
1	0.64733
1	0.707375
1	0.851846
1	0.733915
1	0.511566
1	0.763477
1	0.518061
1	0.634721
1	0.615011
1	0.693342
1	0.648802
-1	0.062794
-1	0.110594
-1	0.0222279
-1	0.0923908
-1	-0.0564391
-1	0.0133449
-1	0.0389536
-1	0.0472034
-1	0.137106
-1	0.208789
-1	0.0849947
-1	0.0312457
-1	0.0354118
-1	-0.0874555
-1	0.0387795
-1	-0.121744
-1	0.119598
-1	0.103804
-1	0.108406
-1	0.164153
-1	-0.0191893
-1	-0.0766753
-1	0.0365005
-1	0.0716436
-1	-0.157487
-1	0.154119
-1	0.00320338
-1	0.065143
-1	0.000987408
-1	0.0797833
-1	0.105147
-1	0.0031523
-1	0.0513044
-1	0.122685
-1	0.202464
-1	-0.0267681
-1	0.0500011
-1	0.0747095
-1	0.0472763
-1	0.0775158
-1	-0.0235056
-1	0.139293
-1	0.0396129
-1	0.108968
-1	0.0680196
-1	-0.00628423
-1	0.108604
-1	-0.0918207
-1	0.0212982
-1	0.17025
-1	-0.0570834
-1	0.0359723
-1	0.0377249
-1	-0.00540847
-1	-0.0312973
-1	0.125178
-1	-0.0223592
-1	0.133514
-1	0.104511
-1	0.123996
-1	0.0106535
-1	0.11808
-1	0.0423606
-1	0.0815764
-1	-0.0612772
-1	-0.0432236
-1	0.0568309
-1	0.024554
-1	-0.0225465
-1	0.120983
-1	0.14396
-1	0.0838663
-1	0.0430243
-1	0.156072
-1	0.0202533
-1	0.0170069
-1	0.0108143
-1	-0.094076
-1	0.153486
-1	-0.0108061
-1	-0.0692147
-1	0.0515386
-1	0.0493058
-1	0.172967
-1	0.0575513
-1	-0.0632994
-1	-0.00878642
-1	-0.0684917
-1	0.119595
-1	0.0290472
-1	-0.200937
-1	0.0125087
-1	0.18459
-1	-0.0314349
-1	-0.116672
-1	-0.0420301
-1	0.121854
-1	0.131525
-1	0.0557372
-1	0.158552
-1	0.11143
-1	-0.0030962
-1	-0.00703785
-1	-0.0107772
-1	0.0966198
-1	0.0339532
-1	0.0986858
-1	0.0726112
-1	0.0785974
-1	-0.0572016
-1	-0.131835
-1	0.0270309
-1	0.0331067
-1	-0.0695578
-1	0.0657733
-1	0.00898301
-1	0.0222198
-1	0.0248743
-1	0.129521
-1	-0.0384442
-1	0.00428756
-1	-0.0446143
-1	0.0430166
-1	-0.0085098
-1	0.0684984
-1	-0.0338534
-1	0.0270999
-1	0.0774383
-1	0.100488
-1	0.0463435
-1	0.026276
-1	-0.0661212
-1	0.0461067
-1	-0.0273077
-1	-0.0133396
-1	0.142882
-1	-0.0237128
-1	-0.0884371
-1	0.0863712
-1	0.104711
-1	-0.00528294
-1	-0.0708856
-1	-0.0965505
-1	0.00678109
-1	0.0607497
-1	0.00253597
-1	0.060148
-1	0.135071
-1	0.172537
-1	0.0902996
-1	-0.00074915
-1	0.0682132
-1	0.0966751
-1	-0.0343727
-1	0.0731362
-1	-0.0940885
-1	0.030256
-1	0.046636
-1	0.101684
-1	0.00178031
-1	0.0863626
-1	0.158052
-1	0.0551279
-1	-0.00206883
-1	0.00175449
-1	0.0633439
-1	-0.0886361
-1	0.0123958
-1	0.0332781
-1	0.0114657
-1	0.0502696
-1	0.0312323
-1	0.0584305
-1	0.130181
-1	-0.0593985
-1	-0.0823287
-1	0.0878371
-1	-0.0415784
-1	0.123008
-1	-0.0350053
-1	-0.0295228
-1	0.0678752
-1	0.0469684
-1	0.0576455
-1	0.112856
-1	-0.0168145
-1	-0.0218251
-1	-0.0859254
-1	0.0360574
-1	0.115017
-1	-0.0423703
-1	-0.0530344
-1	0.124117
-1	0.0708012
-1	-0.0327722
-1	-0.0354551
-1	0.108453
-1	0.228364
-1	0.163947
-1	0.192299
-1	-0.0420163
-1	0.0795616
-1	0.0907489
-1	0.0796308
-1	0.0032089
-1	0.0237417
-1	0.162396
-1	-0.000852874
-1	-0.0290325
-1	-0.00623038
-1	-0.0702292
-1	-0.0288574
-1	0.0237403
-1	0.0512369
-1	0.0200996
-1	-0.0120165
-1	0.0608078
-1	0.148108
-1	-0.0296189
-1	-0.0195396
-1	0.0478327
-1	0.231938
-1	0.0865156
-1	-0.0374977
-1	0.204709
-1	0.138745
-1	0.149436
-1	0.0531228
-1	-0.0707625
-1	0.135326
-1	-0.0243774
-1	0.145126
-1	0.201048
-1	0.0114195
-1	-0.0814106
-1	-0.0433198
-1	-0.0418312
-1	0.118364
-1	-0.0235718
-1	0.0212543
-1	-0.00391492
-1	0.0218269
-1	0.0214657
-1	-0.0358421
-1	0.177612
-1	0.0939899
-1	0.070357
-1	0.206889
-1	0.124336
-1	0.0856193
-1	0.162717
-1	-0.0748128
-1	-0.0787071
-1	-0.216203
-1	0.064049
-1	-0.0190689
-1	-0.0397663
-1	0.0717937
-1	-0.052554
-1	0.268725
-1	0.029704
-1	0.144126
-1	0.29143
-1	-0.00692503
-1	-0.0265045
-1	0.0562459
-1	0.0567542
-1	0.00602117
-1	0.0370856
-1	0.00861949
-1	0.129515
-1	0.147503
-1	0.0185188
-1	0.0568568
-1	0.00424703
-1	-0.00152066
-1	0.0601479
-1	-0.0286533
-1	0.0625238
-1	0.144848
-1	0.0782793
-1	-0.000215134
-1	0.0341189
-1	-0.0267023
-1	0.0699798
-1	0.0574234
-1	0.0747805
-1	-0.0221893
-1	0.0637744
-1	0.0964769
-1	-0.010293
-1	0.0457688
-1	-0.0406267
-1	-0.0318209
-1	0.0230947
-1	-0.0965021
-1	0.0518745
-1	0.0153982
-1	0.0769469
-1	-0.00273094
1	0.666651
1	0.500583
1	0.562581
1	0.601531
1	0.554371
1	0.570623
1	0.534915
1	0.538374
1	0.551457
1	0.580334
1	0.68897
1	0.509454
1	0.644042
1	0.693145
1	0.389273
1	0.589546
1	0.57833
1	0.357722
1	0.339074
1	0.551974
1	0.557072
1	0.73689
1	0.479249
1	0.536691
1	0.466357
1	0.496127
1	0.431634
1	0.415441
1	0.480952
1	0.536157
1	0.588672
1	0.645916
1	0.681974
1	0.300482
1	0.300086
1	0.783929
1	0.549539
1	0.0866466
1	0.294172
1	0.624517
1	0.620345
1	0.594862
1	0.545529
1	0.424522
1	0.516914
1	0.4426
1	0.525303
1	0.521831
1	0.588824
1	0.602046
1	0.68235
1	0.565429
1	0.504465
1	0.667651
1	0.582661
1	0.632279
1	0.577365
1	0.697825
1	0.668833
1	0.443681
1	0.546564
1	0.452143
1	0.697602
1	0.341106
1	0.405146
1	0.571945
1	0.714076
1	0.434904
1	0.470399
1	0.390106
1	0.59219
1	0.495288
1	0.530633
1	0.581985
1	0.72506
1	0.59637
1	0.561151
1	0.672278
1	0.555563
1	0.586867
1	0.676019
1	0.504979
1	0.378133
1	0.307235
1	0.415207
1	0.481988
1	0.561667
1	0.538934
1	0.607075
1	0.464401
1	0.540041
1	0.482251
1	0.572343
1	0.657243
1	0.781665
1	0.510613
1	0.451209
1	0.526584
1	0.0749694
1	0.53401
1	0.581388
1	0.612982
1	0.56183
1	0.677087
1	0.378246
1	0.433707
1	0.532547
1	0.41742
1	0.586548
1	0.622061
1	0.60934
1	0.657262
1	0.624507
1	0.606841
1	0.763901
1	0.592693
1	0.690864
1	0.719355
1	0.63291
1	0.64724
1	0.488389
1	0.30272
1	0.435898
1	0.483409
1	0.721927
1	0.662605
1	0.720003
1	0.658896
1	0.764277
1	0.789592
1	0.780872
1	0.747928
1	0.678455
1	0.506132
1	0.561939
1	0.52909
1	0.51566
1	0.444023
1	0.562104
1	0.471183
1	0.563477
1	0.456196
1	0.405789
1	0.703187
1	0.501276
1	0.457598
1	0.539495
1	0.624262
1	0.601127
1	0.574779
1	0.0760083
1	0.0485338
1	0.312455
1	0.557284
1	0.631109
1	0.442695
1	0.637067
1	0.498072
1	0.450046
1	0.595206
1	0.568901
1	0.784772
1	0.559264
1	0.580607
1	0.431298
1	0.463553
1	0.680486
1	0.703183
1	0.736419
1	0.62966
1	0.736689
1	0.739417
1	0.682649
1	0.382275
1	0.592518
1	0.478382
1	0.47359
1	0.533361
1	0.540156
1	0.667647
1	0.636516
1	0.571959
1	0.53407
1	0.121469
1	0.475676
1	0.660041
1	0.5468
1	0.361742
1	0.612966
1	0.568494
1	0.360809
1	0.621742
1	0.624459
1	0.521094
1	0.474516
1	0.616608
1	0.360178
1	0.459851
1	0.519808
1	0.493849
1	0.414853
1	0.514596
1	0.64293
1	0.650221
1	0.635714
1	0.406203
1	0.45307
1	0.566106
1	0.549017
1	0.207916
1	0.768347
1	0.7667
1	0.649166
1	0.748791
1	0.494917
1	0.536795
1	0.243938
1	0.643847
1	0.553116
1	0.804421
1	0.718517
1	0.663442
1	0.681791
1	0.405677
1	0.621909
1	0.437667
1	0.729995
1	0.523305
1	0.445746
1	0.68347
1	0.465076
1	0.532849
1	0.709991
1	0.676149
1	0.591614
1	0.652981
1	0.704444
1	0.626187
1	0.542412
1	0.654677
1	0.60524
1	0.516194
1	0.724043
1	0.680205
1	0.37303
1	0.546982
1	0.688916
1	0.505085
1	0.539383
1	0.384547
1	0.477382
1	0.598316
1	0.545331
1	0.691048
1	0.571
1	0.642886
1	0.564753
1	0.645526
1	0.403519
1	0.24424
1	0.529515
1	0.172562
1	0.533018
1	0.655447
1	0.706129
1	0.580493
1	0.526869
1	0.67578
1	0.634804
1	0.545351
1	0.292086
1	0.718207
1	0.39074
1	0.337668
1	0.359097
1	0.332944
1	0.432413
1	0.483269
1	0.586265
1	0.656667
1	0.440978
1	0.801961
1	0.755987
1	0.473951
1	0.598042
1	0.622298
1	0.621956
1	0.692414
1	0.661745
1	0.595571
1	0.521786
1	0.555182
1	0.591646
1	0.71671
1	0.626648
1	0.657104
1	0.562571
1	0.630929
1	0.245398
1	0.62708
-1	0.0827299
-1	-0.0111238
-1	-0.00946216
-1	0.0105831
-1	0.0295839
-1	0.024096
-1	0.0584548
-1	0.182726
-1	0.141149
-1	0.0132109
-1	0.197315
-1	0.140312
-1	0.00955117
-1	0.0470051
-1	-0.0810788
-1	0.0550799
-1	0.0802224
-1	0.0114925
-1	0.0133839
-1	0.0793702
-1	0.051387
-1	0.0437605
-1	-0.0176011
-1	0.0554413
-1	0.0773993
-1	0.0536331
-1	0.0298629
-1	0.134661
-1	0.0885675
-1	-0.0807549
-1	0.0135507
-1	-0.0155358
-1	0.0149826
-1	0.0201857
-1	-0.00206369
-1	0.0833623
-1	-0.0256178
-1	0.052049
-1	0.043526
-1	0.148043
-1	0.130814
-1	-0.14095
-1	0.0038119
-1	-0.0376454
-1	-0.00379309
-1	-0.0344686
-1	0.16515
-1	0.0975368
-1	0.0884351
-1	-0.0184081
-1	0.102822
-1	0.0237983
-1	-0.0263735
-1	-0.0317329
-1	0.185437
-1	0.160866
-1	0.00278178
-1	0.0305278
-1	0.152404
-1	-0.0211624
-1	0.00589576
-1	0.164854
-1	0.132968
-1	0.0640792
-1	0.113441
-1	-0.00100719
-1	0.00647088
-1	0.0210916
-1	-0.0155217
-1	0.0629777
-1	0.0933714
-1	-0.0176093
-1	0.0882649
-1	0.20155
-1	0.172686
-1	-0.16133
-1	0.0968614
-1	0.0433347
-1	0.0171144
-1	-0.00304477
-1	0.0436247
-1	-0.0589578
-1	0.0932928
-1	0.00897105
-1	0.0429578
-1	0.048078
-1	0.0595315
-1	0.0063665
-1	-0.00417051
-1	0.090916
-1	-0.0776977
-1	0.0120608
-1	0.148435
-1	0.0559809
-1	-0.077155
-1	0.00614932
-1	0.12619
-1	-0.024895
-1	0.0380772
-1	0.0212534
-1	-0.0588583
-1	0.0349576
-1	0.146032
-1	-0.0288318
-1	0.076655
-1	0.137103
-1	0.203539
-1	0.123307
-1	-0.145904
-1	0.068291
-1	0.0132911
-1	-0.0769155
-1	0.092289
-1	0.0238522
-1	-0.00896869
-1	0.171149
-1	0.0445439
-1	0.00241712
-1	-0.0444262
-1	0.164537
-1	0.0790022
-1	0.0552354
-1	0.0732471
-1	-0.0192878
-1	0.163789
-1	0.00875472
-1	-0.100969
-1	-0.0790635
-1	0.0382792
-1	0.0494715
-1	0.0487174
-1	-0.00188427
-1	0.0246851
-1	0.061942
-1	0.15067
-1	0.109528
-1	-0.0444895
-1	0.00233143
-1	0.116295
-1	0.128169
-1	0.0187577
-1	0.0401154
-1	0.172099
-1	0.0119445
-1	0.0424876
-1	0.168287
-1	0.173875
-1	-0.0235589
-1	0.130939
-1	0.0763486
-1	0.0200628
-1	-0.0388132
-1	-0.0562751
-1	-0.00322126
-1	0.216129
-1	0.0285269
-1	0.0559118
-1	0.0993256
-1	0.17672
-1	-0.00437762
-1	0.131047
-1	-0.0120495
-1	0.0247048
-1	0.0890421
-1	-0.100996
-1	-0.0114218
-1	0.0831144
-1	0.11235
-1	0.066044
-1	-0.0779314
-1	0.054394
-1	0.0962016
-1	0.0466549
-1	0.134488
-1	0.0425747
-1	-0.0432685
-1	0.118561
-1	0.00393526
-1	-0.0751793
-1	0.053568
-1	0.0084675
-1	-0.00261921
-1	0.122531
-1	0.123412
-1	0.158939
-1	0.0841094
-1	0.00449937
-1	0.0816726
-1	-0.0193052
-1	0.00111557
-1	0.162739
-1	0.0459812
-1	0.00471048
-1	0.0241429
-1	0.0391688
-1	0.1861
-1	-0.00441137
-1	-0.0420203
-1	0.0461198
-1	0.150855
-1	0.0694521
-1	-0.079769
-1	-0.0713548
-1	0.0872006
-1	0.0156025
-1	0.169162
-1	0.000189902
-1	0.0289238
-1	-0.0398354
-1	0.0483009
-1	0.0787185
-1	-0.0742429
-1	0.0626234
-1	0.0606021
-1	0.0359078
-1	0.0326724
-1	-0.0668282
-1	0.0899604
-1	0.0787822
-1	0.0489091
-1	0.0752716
-1	-0.0518693
-1	-0.0764796
-1	-0.0716943
-1	0.0810276
-1	0.0977637
-1	0.0667105
-1	0.0336567
-1	0.137015
-1	-0.0369326
-1	-0.0686499
-1	-0.0417895
-1	0.0681738
-1	0.113052
-1	-0.0822743
-1	-0.00486133
-1	-0.0346555
-1	-0.0895044
-1	0.0548631
-1	0.0256507
-1	-0.0293253
-1	0.0865343
-1	0.043774
-1	0.048405
-1	0.0756254
-1	-0.138587
-1	0.242065
-1	0.0284604
-1	0.0686778
-1	0.0829943
-1	0.0228765
-1	-0.00813217
-1	-0.0521994
-1	0.0779733
-1	-0.00291747
-1	0.0392812
-1	0.0229744
-1	0.0237854
-1	-0.0153539
-1	0.0749504
-1	0.0290305
-1	0.0918727
-1	-0.0272677
-1	0.194345
-1	0.106867
-1	0.158662
-1	-0.00335468
-1	0.0776269
-1	0.0545949
-1	0.0107248
-1	-0.0313859
-1	0.00769427
-1	0.0719357
-1	-0.00132708
-1	0.0525638
-1	0.00665985
-1	0.141624
-1	0.00185723
-1	0.0133269
-1	0.0241983
-1	0.0418743
-1	0.12456
-1	-0.0712087
-1	0.115152
-1	0.0520311
-1	0.105729
-1	0.00634766
-1	0.118408
-1	0.0460364
-1	0.03208
-1	0.128855
-1	-0.0352968
-1	-0.00652915
-1	-0.109822
-1	0.0688398
-1	0.0279197
-1	0.133506
-1	-0.0238431
-1	0.0496968
-1	-0.0330905
1	0.522052
1	0.556595
1	0.528387
1	0.573778
1	0.643028
1	0.786828
1	0.668872
1	0.630372
1	0.628084
1	0.596847
1	0.612427
1	0.49612
1	0.513058
1	0.394304
1	0.662405
1	0.422516
1	0.5147
1	0.507288
1	0.77648
1	0.716894
1	0.483817
1	0.561208
1	0.795907
1	0.492733
1	0.623844
1	0.498877
1	0.605226
1	0.62279
1	0.471521
1	0.643199
1	0.361718
1	0.568519
1	0.632375
1	0.687002
1	0.604936
1	0.618235
1	0.610663
1	0.421139
1	0.59803
1	0.565579
1	0.515541
1	0.76331
1	0.759787
1	0.664906
1	0.616665
1	0.594358
1	0.636866
1	0.542773
1	0.496197
1	0.644009
1	0.780759
1	0.508986
1	0.716836
1	0.591941
1	0.537735
1	0.603149
1	0.655885
1	0.420023
1	0.463574
1	0.477546
1	0.513206
1	0.498703
1	0.483651
1	0.516796
1	0.571688
1	0.547576
1	0.726444
1	0.525962
1	0.370591
1	0.522722
1	0.485982
1	0.432166
1	0.626065
1	0.424806
1	0.483818
1	0.489193
1	0.552211
1	0.447057
1	0.676889
1	0.677267
1	0.683761
1	0.425409
1	0.419625
1	0.46922
1	0.65433
1	0.517797
1	0.557402
1	0.795179
1	0.690544
1	0.639773
1	0.720257
1	0.560554
1	0.646242
1	0.536032
1	0.459179
1	0.700585
1	0.607028
1	0.503495
1	0.48441
1	0.645449
1	0.592152
1	0.414532
1	0.465231
1	0.466476
1	0.521431
1	0.516699
1	0.49793
1	0.619654
1	0.560612
1	0.525651
1	0.616275
1	0.501375
1	0.392432
1	0.543362
1	0.497148
1	0.499226
1	0.638741
1	0.680429
1	0.584807
1	0.54473
1	0.485122
1	0.557204
1	0.635072
1	0.7153
1	0.715639
1	0.746861
1	0.637484
1	0.490285
1	0.535426
1	0.668993
1	0.501632
1	0.614231
1	0.603489
1	0.771065
1	0.758041
1	0.674315
1	0.553483
1	0.55627
1	0.679183
1	0.476382
1	0.561702
1	0.505594
1	0.569094
1	0.620161
1	0.525876
1	0.604204
1	0.713743
1	0.60867
1	0.602128
1	0.606062
1	0.428475
1	0.490898
1	0.52452
1	0.657519
1	0.416452
1	0.374852
1	0.479434
1	0.382601
1	0.761614
1	0.292636
1	0.285062
1	0.625315
1	0.711627
1	0.702997
1	0.557515
1	0.282906
1	0.523004
1	0.492657
1	0.457382
1	0.620004
1	0.57376
1	0.511157
1	0.486277
1	0.367851
1	0.685874
1	0.629269
1	0.546706
1	0.658017
1	0.688966
1	0.354969
1	0.556562
1	0.597685
1	0.401533
1	0.359992
1	0.610417
1	0.368837
1	0.445375
1	0.47266
1	0.434549
1	0.62308
1	0.720779
1	0.617559
1	0.510391
1	0.477196
1	0.519179
1	0.661093
1	0.725255
1	0.549426
1	0.543757
1	0.422239
1	0.396831
1	0.477307
1	0.611453
1	0.53758
1	0.826025
1	0.752633
1	0.55028
1	0.555034
1	0.645074
1	0.569135
1	0.521099
1	0.555544
1	0.57004
1	0.638428
1	0.861693
1	0.801915
1	0.796841
1	0.762858
1	0.5559
1	0.521924
1	0.681344
1	0.600398
1	0.533362
1	0.557184
1	0.4792
1	0.528838
1	0.337943
1	0.527956
1	0.689986
1	0.466756
1	0.783031
1	0.696078
1	0.669341
1	0.617571
1	0.733345
1	0.641711
1	0.776043
1	0.509575
1	0.634313
1	0.631939
1	0.622191
1	0.675138
1	0.727205
1	0.551036
1	0.601781
1	0.822183
1	0.536214
1	0.538109
1	0.795525
1	0.753215
1	0.613285
1	0.519434
1	0.690937
1	0.345389
1	0.404156
1	0.557649
1	0.584793
1	0.450906
1	0.475275
1	0.425339
1	0.588894
1	0.692382
1	0.68689
1	0.666951
1	0.637942
1	0.425437
1	0.526816
1	0.406175
1	0.399485
1	0.371541
1	0.370567
1	0.55866
1	0.73098
1	0.439276
1	0.62163
1	0.626079
1	0.685252
1	0.813903
1	0.683567
1	0.685988
1	0.647106
1	0.507508
1	0.57074
1	0.618967
1	0.48721
1	0.763432
1	0.551604
1	0.534691
1	0.506272
1	0.475202
1	0.449765
1	0.572632
1	0.63517
1	0.395178
1	0.358872
1	0.369713
1	0.697148
1	0.594005
1	0.651095
1	0.655578
-1	-0.137826
-1	0.0574303
-1	0.0640252
-1	0.0477503
-1	-0.0767062
-1	0.0248452
-1	0.111494
-1	0.195409
-1	0.0208781
-1	0.0175702
-1	0.0102971
-1	-0.0298246
-1	0.0671511
-1	0.00801462
-1	-0.0580765
-1	-0.0577071
-1	-0.0432264
-1	0.0194173
-1	-0.0341726
-1	0.0116201
-1	0.0852071
-1	-0.0581182
-1	0.220678
-1	0.136522
-1	0.138345
-1	0.0429352
-1	0.106746
-1	0.10881
-1	0.020103
-1	-0.0517161
-1	-0.15541
-1	-0.00322267
-1	0.0856149
-1	0.0450306
-1	0.250687
-1	0.0684905
-1	0.00568914
-1	0.0550285
-1	-0.00708456
-1	0.15329
-1	0.0015459
-1	-0.0480742
-1	0.0451479
-1	0.100203
-1	0.26473
-1	0.0313888
-1	0.0968291
-1	0.0394233
-1	-0.00557067
-1	0.00754568
-1	0.000129451
-1	-0.156113
-1	-0.0482002
-1	0.199389
-1	0.118529
-1	0.00652514
-1	0.00983514
-1	0.0127429
-1	0.114043
-1	0.078623
-1	0.125307
-1	0.0577561
-1	-0.123587
-1	0.0218233
-1	0.0764325
-1	0.0750458
-1	-0.050835
-1	0.173127
-1	0.0839025
-1	0.027272
-1	0.0608573
-1	-0.0609183
-1	0.112492
-1	-0.0422479
-1	0.118922
-1	0.152957
-1	0.0345194
-1	0.109636
-1	0.103769
-1	-0.0987896
-1	-0.0747429
-1	0.120152
-1	0.119694
-1	0.0274881
-1	0.0615816
-1	0.131086
-1	0.0194649
-1	0.14308
-1	0.0048609
-1	-0.0467308
-1	-0.0487942
-1	-0.120226
-1	0.0411106
-1	-0.0122466
-1	-0.0148387
-1	0.0963555
-1	-0.0198959
-1	0.0273273
-1	0.0974971
-1	0.00604661
-1	-0.00773204
-1	-0.0917951
-1	0.169762
-1	0.0626946
-1	0.019788
-1	-0.0050603
-1	0.0885825
-1	0.0365103
-1	-0.0149808
-1	-0.016667
-1	0.0457049
-1	-0.0116859
-1	0.224872
-1	-0.0872102
-1	-0.090475
-1	-0.0960263
-1	0.118141
-1	0.0158412
-1	0.0121937
-1	0.14446
-1	0.148045
-1	0.081874
-1	0.0508965
-1	0.0486272
-1	-0.0879712
-1	0.0242468
-1	-0.0100546
-1	0.0856085
-1	-0.0113666
-1	0.0565374
-1	-0.00635913
-1	0.145505
-1	0.0495593
-1	-0.0657002
-1	0.0244487
-1	0.0564379
-1	-0.114622
-1	0.0544296
-1	0.0296052
-1	0.0862424
-1	-0.0133448
-1	-0.092234
-1	0.0525482
-1	0.0228525
-1	0.164786
-1	0.161465
-1	0.117474
-1	0.00690256
-1	0.204576
-1	-0.134803
-1	-0.0365549
-1	-0.082359
-1	0.0371519
-1	0.098142
-1	0.157564
-1	0.075274
-1	0.019031
-1	0.0737999
-1	0.0315272
-1	0.108867
-1	0.0400026
-1	-0.0398045
-1	0.0157379
-1	0.0670929
-1	0.025757
-1	0.0605982
-1	0.0655337
-1	0.112892
-1	0.0395675
-1	0.124846
-1	0.0513628
-1	0.0997083
-1	0.0584244
-1	0.0428922
-1	0.0762555
-1	0.0306345
-1	0.00566115
-1	0.147263
-1	0.113026
-1	0.0341919
-1	-0.077653
-1	0.0342021
-1	0.0333289
-1	0.0197458
-1	-0.0449421
-1	-0.0642741
-1	0.0813386
-1	0.0587698
-1	0.0547953
-1	-0.0602777
-1	0.0589951
-1	0.0820367
-1	0.00788496
-1	-0.0146139
-1	0.152738
-1	0.0549087
-1	0.0110277
-1	0.00872917
-1	0.0975349
-1	0.0254728
-1	0.0492071
-1	0.0944658
-1	0.29087
-1	0.0221511
-1	-0.024673
-1	0.0191632
-1	0.0613536
-1	0.0535858
-1	0.161028
-1	0.0745811
-1	0.00134332
-1	0.0361786
-1	-0.0437289
-1	-0.00640975
-1	0.131205
-1	0.0162696
-1	0.0853383
-1	0.0743103
-1	0.01331
-1	0.0357267
-1	-0.0298378
-1	0.100201
-1	0.0732192
-1	-0.0101884
-1	0.00351854
-1	-0.0668194
-1	-0.109337
-1	0.191447
-1	0.0812375
-1	-0.0363614
-1	-0.0185076
-1	0.0990954
-1	0.103731
-1	-0.000127015
-1	0.0700955
-1	0.0889088
-1	0.0821504
-1	0.230672
-1	-0.133165
-1	0.0712762
-1	0.0126904
-1	0.128865
-1	-0.0160314
-1	0.124911
-1	-0.0246665
-1	0.187515
-1	0.00287267
-1	0.0173006
-1	-0.0886885
-1	0.00571947
-1	-0.081581
-1	-0.0707396
-1	0.112815
-1	0.0636686
-1	0.0485114
-1	0.103695
-1	0.129665
-1	0.0546536
-1	0.124812
-1	0.0646468
-1	-0.131765
-1	0.131747
-1	-0.0558879
-1	0.0270238
-1	-0.0380799
-1	-0.0165294
-1	-0.0336436
-1	0.109032
-1	0.124571
-1	-0.072467
-1	0.19894
-1	0.053225
-1	0.0206921
-1	0.0593865
-1	0.0344753
-1	0.181313
-1	0.037506
-1	0.146674
-1	0.050761
-1	0.229013
-1	0.107461
-1	-0.0935607
-1	0.0142078
-1	0.0427727
-1	0.045745
-1	0.067331
-1	-0.00037322
-1	0.155814
-1	0.0753169
-1	0.0855815
-1	-0.0119007
-1	0.0627077
-1	-0.0131367
-1	0.039811
-1	0.0301565
-1	0.16605
-1	0.0121883
-1	0.0451605
-1	0.225102
-1	0.0766303
1	0.192661
1	0.35013
1	0.559003
1	0.691485
1	0.634943
1	0.560958
1	0.489948
1	0.43764
1	0.49146
1	0.671289
1	0.537253
1	0.528387
1	0.49027
1	0.383415
1	0.562008
1	0.562399
1	0.454096
1	0.687191
1	0.382877
1	0.521793
1	0.667842
1	0.57275
1	0.625705
1	0.549834
1	0.280157
1	0.552276
1	0.572612
1	0.550129
1	0.478862
1	0.498307
1	0.579451
1	0.600857
1	0.71643
1	0.287829
1	0.533986
1	0.617106
1	0.695688
1	0.591059
1	0.695972
1	0.195197
1	0.228662
1	0.126828
1	0.550969
1	0.499336
1	0.719449
1	0.653239
1	0.772423
1	0.355754
1	0.633944
1	0.61141
1	0.556041
1	0.26136
1	0.606012
1	0.44469
1	0.435449
1	0.470363
1	0.542871
1	0.717402
1	0.5572
1	0.786002
1	0.744359
1	0.500172
1	0.464092
1	0.525267
1	0.486346
1	0.811237
1	0.706427
1	0.707804
1	0.627543
1	0.564252
1	0.574838
1	0.608486
1	0.507237
1	0.588428
1	0.598424
1	0.707027
1	0.70645
1	0.774332
1	0.624077
1	0.483223
1	0.639447
1	0.705451
1	0.574716
1	0.697299
1	0.646133
1	0.526841
1	0.561597
1	0.663809
1	0.616005
1	0.442378
1	0.624534
1	0.480828
1	0.737408
1	0.198195
1	0.503361
1	0.641048
1	0.606875
1	0.600759
1	0.593144
1	0.704205
1	0.518985
1	0.596644
1	0.553661
1	0.55443
1	0.546874
1	0.615667
1	0.744431
1	0.638455
1	0.47354
1	0.489044
1	0.35118
1	0.466228
1	0.506737
1	0.595794
1	0.610826
1	0.582463
1	0.618319
1	0.638207
1	0.801813
1	0.586409
1	0.666916
1	0.626799
1	0.703938
1	0.610102
1	0.668969
1	0.7287
1	0.405708
1	0.754224
1	0.686871
1	0.528758
1	0.497975
1	0.636142
1	0.734658
1	0.544344
1	0.205176
1	0.464589
1	0.357461
1	0.633389
1	0.612188
1	0.721859
1	0.720372
1	0.419388
1	0.504549
1	0.619324
1	0.626995
1	0.633722
1	0.721882
1	0.738716
1	0.63607
1	0.606468
1	0.577344
1	0.558292
1	0.460996
1	0.567391
1	0.582853
1	0.586853
1	0.569099
1	0.688884
1	0.714243
1	0.818703
1	0.55206
1	0.520435
1	0.603667
1	0.583459
1	0.539061
1	0.231296
1	0.699927
1	0.575457
1	0.595275
1	0.745641
1	0.69257
1	0.400129
1	0.517629
1	0.755273
1	0.64404
1	0.407748
1	0.607121
1	0.611563
1	0.603126
1	0.277032
1	0.39654
1	0.429436
1	0.516941
1	0.557846
1	0.493508
1	0.768983
1	0.776624
1	0.521186
1	0.324778
1	0.472986
1	0.611486
1	0.403262
1	0.489037
1	0.455671
1	0.621298
1	0.413858
1	0.304992
1	0.416615
1	0.624957
1	0.803882
1	0.514284
1	0.744507
1	0.407981
1	0.54141
1	0.592147
1	0.360237
1	0.54253
1	0.533401
1	0.642038
1	0.471965
1	0.385573
1	0.607525
1	0.523385
1	0.538092
1	0.5865
1	0.419533
1	0.562896
1	0.376741
1	0.552624
1	0.458778
1	0.814465
1	0.566577
1	0.670818
1	0.741297
1	0.596796
1	0.711259
1	0.521784
1	0.633878
1	0.436978
1	0.360312
1	0.489503
1	0.669671
1	0.675115
1	0.677599
1	0.646701
1	0.728869
1	0.69304
1	0.659282
1	0.750337
1	0.742808
1	0.572085
1	0.359773
1	0.601171
1	0.74663
1	0.473546
1	0.600824
1	0.655184
1	0.64638
1	0.512456
1	0.441889
1	0.422623
1	0.408003
1	0.68151
1	0.662179
1	0.804322
1	0.834999
1	0.7388
1	0.367995
1	0.608454
1	0.624565
1	0.738866
1	0.816459
1	0.488188
1	0.720603
1	0.454274
1	0.533403
1	0.539335
1	0.319776
1	0.609339
1	0.617483
1	0.542723
1	0.361917
1	0.156032
1	0.60569
1	0.547977
1	0.61252
1	0.53853
1	0.678882
1	0.414907
1	0.602192
1	0.555687
1	0.514743
1	0.539069
1	0.518978
1	0.427981
1	0.362213
1	0.49159
1	0.582997
1	0.633433
1	0.238488
1	0.345202
1	0.140436
1	0.17422
1	0.391578
1	0.748364
1	0.509292
1	0.564547
1	0.461518
1	0.608453
1	0.66799
-1	0.0958542
-1	-0.016518
-1	0.149569
-1	0.0813499
-1	0.023404
-1	-0.00658575
-1	0.0935144
-1	0.18728
-1	0.0340047
-1	0.14723
-1	0.0399951
-1	0.131247
-1	-0.00168352
-1	0.0844912
-1	0.02466
-1	0.0563146
-1	0.00496959
-1	0.0627289
-1	0.0163179
-1	0.0079386
-1	0.115962
-1	0.0545917
-1	-0.125609
-1	0.100302
-1	0.0668149
-1	0.00671632
-1	0.151369
-1	-0.0206107
-1	0.142273
-1	0.00829926
-1	0.111587
-1	-0.125497
-1	-0.0308161
-1	0.0127318
-1	0.171672
-1	-0.112998
-1	-0.00174055
-1	0.0392155
-1	0.0104305
-1	0.18213
-1	0.243124
-1	0.0953308
-1	-0.0137511
-1	-0.0696655
-1	0.0295274
-1	0.109644
-1	-0.0368347
-1	0.020096
-1	0.150451
-1	0.0316975
-1	0.148546
-1	0.162616
-1	0.00497809
-1	-0.0395938
-1	0.0870136
-1	-0.10003
-1	-0.0221978
-1	-0.00338661
-1	0.028631
-1	0.0706866
-1	-0.0371469
-1	-0.0694464
-1	0.0874881
-1	-0.0919618
-1	0.122773
-1	0.0177991
-1	0.0689335
-1	0.141216
-1	-0.00341222
-1	0.0693453
-1	0.0128295
-1	0.123588
-1	0.0228847
-1	0.0577471
-1	0.050483
-1	0.0888309
-1	0.0392186
-1	0.0890306
-1	-0.0487382
-1	0.258622
-1	0.0382633
-1	-0.0873432
-1	0.043385
-1	0.0868941
-1	-0.0188816
-1	-0.0745274
-1	0.193341
-1	0.0245479
-1	-0.0538359
-1	-0.0914073
-1	0.0591765
-1	0.176861
-1	-0.0524231
-1	0.104443
-1	0.122919
-1	0.014245
-1	-0.0420808
-1	0.0348338
-1	0.026482
-1	-0.00627196
-1	0.112678
-1	0.0533677
-1	-0.0429772
-1	0.00411454
-1	0.115563
-1	-0.0465863
-1	0.013399
-1	0.0256824
-1	0.0207216
-1	0.0524612
-1	0.10559
-1	0.0970919
-1	0.125547
-1	-0.0531088
-1	0.0354313
-1	-0.000417002
-1	0.0721004
-1	0.0845179
-1	0.245166
-1	0.0403916
-1	0.0564873
-1	0.0715391
-1	0.0653333
-1	-0.0375991
-1	0.0128527
-1	-0.0509263
-1	-0.0385197
-1	-0.116732
-1	0.0589802
-1	0.0520079
-1	-0.085528
-1	0.0533723
-1	0.0792908
-1	-0.0273383
-1	0.0572472
-1	-0.020098
-1	-0.102327
-1	-0.0298957
-1	0.143329
-1	0.165619
-1	0.071344
-1	0.201654
-1	0.127627
-1	0.0136904
-1	0.00771116
-1	-0.00508238
-1	0.029185
-1	0.118475
-1	0.151973
-1	0.0669663
-1	0.0757966
-1	0.0290699
-1	0.0245338
-1	0.0202245
-1	0.0163054
-1	0.084684
-1	0.0378204
-1	0.119232
-1	0.0011819
-1	-0.0365995
-1	0.0405623
-1	-0.00835483
-1	-0.0229189
-1	-0.148653
-1	0.0809219
-1	0.0108301
-1	0.0886432
-1	-0.0709927
-1	0.0488699
-1	0.10554
-1	-0.00981192
-1	-0.0342041
-1	-0.00331505
-1	-0.0490063
-1	0.0459986
-1	0.0979235
-1	0.0552596
-1	0.05429
-1	0.0589793
-1	-0.0177091
-1	-0.00189631
-1	-0.00950226
-1	-0.161108
-1	0.00565224
-1	0.0362495
-1	-0.0166841
-1	0.0699712
-1	-0.0250985
-1	0.0725898
-1	-0.0971333
-1	0.102518
-1	0.0360907
-1	0.0775152
-1	-0.0103376
-1	0.0255055
-1	0.00338024
-1	0.130577
-1	-0.0024394
-1	0.043767
-1	0.123657
-1	0.00305634
-1	0.0819539
-1	0.199002
-1	0.071573
-1	-0.00605248
-1	-0.0600781
-1	0.0295938
-1	-0.0900998
-1	0.0788998
-1	0.109816
-1	-0.0394254
-1	-0.00264868
-1	0.00564109
-1	0.089716
-1	0.188687
-1	0.06004
-1	0.169436
-1	-0.121346
-1	0.0871219
-1	-0.00995574
-1	0.0715715
-1	0.175003
-1	-0.0963887
-1	-0.113663
-1	0.00756512
-1	0.0601068
-1	0.0439815
-1	0.0175157
-1	0.163934
-1	-0.0716542
-1	-0.0133575
-1	0.0759929
-1	-0.136023
-1	0.14837
-1	0.0672528
-1	0.0858219
-1	0.127418
-1	0.0816999
-1	-0.093022
-1	-0.0174472
-1	-0.0549039
-1	0.06767
-1	0.132045
-1	-0.012779
-1	0.111312
-1	-0.0611269
-1	0.113089
-1	0.226038
-1	0.0177542
-1	-0.026773
-1	0.22024
-1	0.12752
-1	0.122788
-1	-0.015402
-1	0.0757809
-1	0.150472
-1	0.0127315
-1	0.147569
-1	0.0207915
-1	-0.0133567
-1	-0.0209115
-1	-0.0484159
-1	0.0978809
-1	0.028892
-1	-0.00739518
-1	-0.062782
-1	-0.0338924
-1	-0.0180539
-1	0.0908559
-1	0.0713822
-1	-0.134841
-1	-0.0569272
-1	0.0538174
-1	-0.0491784
-1	-0.0551955
-1	0.0791035
-1	0.048555
-1	0.0188058
-1	0.00817388
-1	-0.0702476
-1	0.0492605
-1	0.0212139
-1	0.140769
-1	0.0161646
-1	0.019906
-1	0.0275948
-1	-0.0323154
-1	0.0553968
-1	-0.0034702
-1	-0.0501243
-1	0.0944689
-1	-0.000366325
-1	-0.0714248
-1	-0.0543299
-1	0.0649146
-1	-0.0541662
-1	-0.00559985
-1	-0.0352548
-1	0.0230081
-1	0.183178
1	0.654196
1	0.636018
1	0.632261
1	0.683184
1	0.534915
1	0.571522
1	0.641914
1	0.549754
1	0.216787
1	0.513616
1	0.5172
1	0.532823
1	0.607828
1	0.678148
1	0.389703
1	0.612171
1	0.420796
1	0.651783
1	0.56514
1	0.463978
1	0.428767
1	0.583608
1	0.44076
1	0.548533
1	0.607613
1	0.449517
1	0.476157
1	0.635228
1	0.437641
1	0.504644
1	0.603964
1	0.741935
1	0.658165
1	0.480927
1	0.570869
1	0.441428
1	0.742864
1	0.470401
1	0.666964
1	0.709888
1	0.719477
1	0.214145
1	0.434349
1	0.553699
1	0.347064
1	0.725206
1	0.695512
1	0.673009
1	0.443146
1	0.562937
1	0.560725
1	0.479598
1	0.711988
1	0.672592
1	0.588973
1	0.627353
1	0.540542
1	0.599585
1	0.522842
1	0.508839
1	0.547784
1	0.395444
1	0.447294
1	0.468614
1	0.407253
1	0.407834
1	0.651501
1	0.488826
1	0.692921
1	0.329888
1	0.41883
1	0.579661
1	0.628388
1	0.348126
1	0.579606
1	0.613173
1	0.443584
1	0.612746
1	0.581714
1	0.643206
1	0.63053
1	0.444727
1	0.546669
1	0.513778
1	0.648395
1	0.671861
1	0.664778
1	0.421893
1	0.675166
1	0.600657
1	0.451958
1	0.445805
1	0.497745
1	0.450822
1	0.625521
1	0.373187
1	0.654032
1	0.574806
1	0.627738
1	0.591677
1	0.595654
1	0.498022
1	0.554846
1	0.381626
1	0.457143
1	0.409362
1	0.411061
1	0.598204
1	0.707477
1	0.501184
1	0.668308
1	0.592628
1	0.606402
1	0.506198
1	0.467589
1	0.608177
1	0.630795
1	0.622273
1	0.56059
1	0.600078
1	0.536124
1	0.470497
1	0.620302
1	0.607212
1	0.357335
1	0.483394
1	0.318516
1	0.568808
1	0.595286
1	0.606526
1	0.53525
1	0.653339
1	0.627935
1	0.602932
1	0.500969
1	0.55253
1	0.669705
1	0.575618
1	0.554041
1	0.387634
1	0.535716
1	0.613675
1	0.702993
1	0.741341
1	0.453375
1	0.572046
1	0.545014
1	0.545804
1	0.660842
1	0.648306
1	0.619572
1	0.430229
1	0.50837
1	0.481246
1	0.432928
1	0.692057
1	0.742012
1	0.633518
1	0.639004
1	0.41645
1	0.226382
1	0.502448
1	0.649712
1	0.523953
1	0.457819
1	0.521542
1	0.565235
1	0.767544
1	0.553645
1	0.755359
1	0.434551
1	0.482797
1	0.523336
1	0.665154
1	0.362998
1	0.504584
1	0.320143
1	0.664749
1	0.648177
1	0.63264
1	0.663311
1	0.601727
1	0.562308
1	0.481062
1	0.587679
1	0.559705
1	0.515003
1	0.64981
1	0.59932
1	0.489747
1	0.625822
1	0.503795
1	0.581077
1	0.5602
1	0.495733
1	0.429393
1	0.767556
1	0.59888
1	0.543359
1	0.547345
1	0.641575
1	0.473699
1	0.549139
1	0.542218
1	0.810351
1	0.424674
1	0.523884
1	0.528664
1	0.633384
1	0.551919
1	0.476052
1	0.496889
1	0.576914
1	0.458298
1	0.567017
1	0.500509
1	0.476697
1	0.464945
1	0.630075
1	0.605617
1	0.57829
1	0.476684
1	0.610688
1	0.597994
1	0.570697
1	0.620357
1	0.326263
1	0.347861
1	0.552595
1	0.477903
1	0.470492
1	0.473153
1	0.81775
1	0.497199
1	0.568052
1	0.421984
1	0.524986
1	0.383478
1	0.323969
1	0.627305
1	0.569793
1	0.661705
1	0.713447
1	0.712763
1	0.6516
1	0.680069
1	0.720858
1	0.566769
1	0.592887
1	0.396934
1	0.669534
1	0.654216
1	0.713641
1	0.351842
1	0.699864
1	0.363231
1	0.554913
1	0.478398
1	0.64788
1	0.547026
1	0.581221
1	0.544063
1	0.698829
1	0.66274
1	0.549784
1	0.646551
1	0.668495
1	0.775928
1	0.514
1	0.548033
1	0.632547
1	0.560341
1	0.638846
1	0.612057
1	0.620803
1	0.543192
1	0.427428
1	0.594228
1	0.599704
1	0.608177
1	0.596057
1	0.761797
1	0.627259
1	0.435395
1	0.6251
1	0.426817
1	0.601045
1	0.366422
1	0.546233
1	0.764726
1	0.666385
1	0.718914
1	0.676629
1	0.582187
1	0.551207
1	0.547341
1	0.588564
1	0.551626
1	0.530719
1	0.612828
-1	0.132877
-1	0.0897854
-1	-0.0277997
-1	-0.0032183
-1	0.126354
-1	0.0134851
-1	0.135199
-1	0.110611
-1	0.0718516
-1	0.0755579
-1	0.0533341
-1	-0.0721541
-1	0.0213329
-1	0.0153701
-1	0.0646138
-1	0.0309007
-1	0.0480347
-1	0.0102795
-1	-0.107756
-1	0.064133
-1	-0.0331124
-1	-0.0398285
-1	0.0302718
-1	0.00388286
-1	0.124672
-1	0.0174484
-1	-0.0161559
-1	0.155337
-1	-0.061192
-1	-0.0196509
-1	0.06294
-1	0.0972975
-1	-0.0163517
-1	-0.0695567
-1	-0.0402687
-1	0.0996585
-1	0.0256552
-1	0.0537093
-1	0.0443755
-1	0.0229971
-1	0.053549
-1	-0.0322447
-1	-0.051081
-1	0.0510832
-1	0.214061
-1	0.0947206
-1	-0.00561141
-1	0.107182
-1	0.049614
-1	0.0955564
-1	0.0345677
-1	-0.0847795
-1	-0.0477796
-1	0.0299169
-1	-0.057176
-1	0.0177797
-1	0.0563813
-1	-0.030566
-1	0.160571
-1	0.0208697
-1	0.0161815
-1	0.0123886
-1	-0.0212689
-1	0.0304436
-1	0.0147501
-1	0.167563
-1	0.145735
-1	0.0339157
-1	0.104934
-1	0.0161105
-1	0.0656524
-1	0.0262191
-1	-0.135889
-1	0.104578
-1	0.0596074
-1	-0.115243
-1	0.0125108
-1	-0.155509
-1	0.103177
-1	0.0247953
-1	0.111479
-1	-0.0267797
-1	0.100914
-1	0.0762161
-1	0.192475
-1	-0.108811
-1	0.147564
-1	-0.0345012
-1	-0.076952
-1	0.0256649
-1	-0.109574
-1	0.152416
-1	0.0227936
-1	-0.0444102
-1	0.0244644
-1	-0.0371216
-1	0.0808686
-1	-0.106311
-1	0.0670625
-1	-0.145061
-1	0.0989953
-1	0.104969
-1	0.192786
-1	0.137175
-1	-0.0369563
-1	0.114725
-1	0.009848
-1	0.182116
-1	-0.00316887
-1	0.0634084
-1	-0.109457
-1	0.0219029
-1	-0.00657331
-1	0.0343931
-1	-0.135087
-1	0.0431042
-1	0.231938
-1	-0.0080682
-1	0.0375478
-1	0.130391
-1	0.222481
-1	0.0442257
-1	-0.0029881
-1	0.0496441
-1	-0.0145542
-1	0.153617
-1	0.0262752
-1	0.114658
-1	-0.057919
-1	0.189708
-1	-0.102219
-1	0.0720854
-1	0.0694454
-1	0.0227204
-1	0.080409
-1	0.0256105
-1	-0.0131676
-1	-0.104998
-1	0.117794
-1	0.00912348
-1	-0.0565753
-1	0.0529152
-1	0.0289535
-1	0.0874105
-1	0.0470171
-1	0.0625108
-1	0.103153
-1	0.113627
-1	0.0487431
-1	0.017706
-1	-0.0285197
-1	-0.00751052
-1	0.00380597
-1	-0.0621634
-1	0.124916
-1	0.0215518
-1	0.040433
-1	-0.0419094
-1	0.0897475
-1	-0.0381171
-1	0.078603
-1	0.0289623
-1	0.0667392
-1	0.0779332
-1	0.0981364
-1	0.0277299
-1	0.0163343
-1	-0.0689702
-1	0.0228269
-1	0.0146659
-1	0.0551872
-1	0.0783214
-1	0.0507323
-1	0.0119794
-1	-0.000666265
-1	0.0417662
-1	0.14254
-1	0.0466053
-1	0.00263938
-1	0.140602
-1	0.0555032
-1	0.0424092
-1	0.0530108
-1	0.0292235
-1	0.060237
-1	-0.03415
-1	0.0596105
-1	0.155002
-1	0.220302
-1	-0.0361435
-1	0.11389
-1	0.0195484
-1	0.102375
-1	0.125436
-1	0.0779466
-1	-0.0531516
-1	0.108999
-1	0.00437227
-1	0.0253081
-1	0.0696167
-1	-0.0388426
-1	0.076634
-1	0.0144566
-1	0.104597
-1	0.0710452
-1	0.0412627
-1	0.0250076
-1	-0.0423629
-1	0.0463037
-1	0.0141187
-1	0.109487
-1	-0.0589178
-1	0.0131955
-1	0.087112
-1	0.0629248
-1	-0.0591792
-1	-0.0644104
-1	0.0219698
-1	-0.171502
-1	0.163808
-1	0.0312813
-1	0.0590771
-1	0.159879
-1	-0.0575443
-1	-0.0261401
-1	0.00534233
-1	-0.114663
-1	0.0198311
-1	0.125554
-1	0.200571
-1	0.0539761
-1	0.0907386
-1	-0.130963
-1	0.0548319
-1	0.0181356
-1	-0.0928846
-1	0.147001
-1	0.0368206
-1	-0.00997135
-1	0.0887067
-1	0.012196
-1	0.0803408
-1	-0.0540928
-1	0.00753438
-1	0.0634751
-1	0.0891066
-1	0.0456033
-1	0.166257
-1	-0.0239572
-1	0.0294447
-1	0.0194953
-1	0.102156
-1	0.0209946
-1	0.0688799
-1	0.034381
-1	0.107347
-1	-0.000530436
-1	0.122576
-1	0.0342268
-1	-0.113084
-1	-0.0156704
-1	-0.0133848
-1	-0.00455695
-1	0.136627
-1	0.102113
-1	0.00390438
-1	0.235422
-1	0.074048
-1	0.118191
-1	0.0302736
-1	0.0783128
-1	-0.0231507
-1	0.0738419
-1	-0.0327877
-1	0.047962
-1	0.0292073
-1	0.0419491
-1	0.0996266
-1	-0.036908
-1	0.103569
-1	0.0476554
-1	-0.0380815
-1	0.0303746
-1	0.0277767
-1	0.114877
-1	-0.0262591
-1	0.102179
-1	0.0439554
-1	0.0300336
-1	0.123151
-1	0.0452484
-1	0.112096
-1	-0.0176475
-1	0.0515722
-1	0.106949
-1	0.00395679
-1	-0.0145508
-1	0.098328
-1	-0.081838
-1	0.0265616
1	0.587321
1	0.628461
1	0.561622
1	0.680911
1	0.666981
1	0.634938
1	0.65165
1	0.50878
1	0.466653
1	0.616694
1	0.573085
1	0.592393
1	0.638687
1	0.796296
1	0.418079
1	0.584168
1	0.54273
1	0.572225
1	0.390294
1	0.713263
1	0.503024
1	0.690442
1	0.59758
1	0.493197
1	0.636267
1	0.451558
1	0.492473
1	0.681279
1	0.582336
1	0.559665
1	0.698929
1	0.721862
1	0.728553
1	0.469121
1	0.546657
1	0.413252
1	0.464833
1	0.594575
1	0.544661
1	0.565514
1	0.56298
1	0.67933
1	0.694607
1	0.629358
1	0.644811
1	0.550659
1	0.458529
1	0.571867
1	0.604388
1	0.475886
1	0.485703
1	0.541662
1	0.488463
1	0.512378
1	0.358901
1	0.588973
1	0.564914
1	0.451085
1	0.261517
1	0.531665
1	0.571412
1	0.61939
1	0.547305
1	0.570862
1	0.547688
1	0.582917
1	0.534876
1	0.550293
1	0.457772
1	0.389777
1	0.310839
1	0.51961
1	0.50232
1	0.480068
1	0.620421
1	0.738668
1	0.70136
1	0.583383
1	0.589015
1	0.484389
1	0.391118
1	0.394722
1	0.558448
1	0.473214
1	0.530174
1	0.543026
1	0.522433
1	0.50319
1	0.599016
1	0.561233
1	0.639755
1	0.693942
1	0.534681
1	0.580738
1	0.601385
1	0.572149
1	0.638304
1	0.782395
1	0.60885
1	0.36336
1	0.729226
1	0.566038
1	0.515532
1	0.489851
1	0.529092
1	0.480065
1	0.634264
1	0.550618
1	0.324364
1	0.477608
1	0.564044
1	0.584898
1	0.542679
1	0.369292
1	0.624535
1	0.649102
1	0.539078
1	0.414996
1	0.5469
1	0.438621
1	0.671356
1	0.632689
1	0.315916
1	0.562959
1	0.583317
1	0.669625
1	0.499826
1	0.730538
1	0.70062
1	0.542172
1	0.50126
1	0.566644
1	0.472502
1	0.51365
1	0.523781
1	0.681855
1	0.36969
1	0.428695
1	0.714961
1	0.642024
1	0.696054
1	0.574605
1	0.575117
1	0.570116
1	0.500675
1	0.550175
1	0.730219
1	0.471792
1	0.705131
1	0.571504
1	0.613261
1	0.635884
1	0.628972
1	0.570804
1	0.564447
1	0.667801
1	0.691746
1	0.568533
1	0.656859
1	0.595269
1	0.706579
1	0.512983
1	0.383089
1	0.715474
1	0.600992
1	0.66482
1	0.515126
1	0.706302
1	0.74177
1	0.496527
1	0.49524
1	0.489214
1	0.429299
1	0.507148
1	0.67876
1	0.735917
1	0.643726
1	0.671959
1	0.596146
1	0.517586
1	0.411911
1	0.761508
1	0.631533
1	0.499462
1	0.564217
1	0.577938
1	0.686167
1	0.532068
1	0.618445
1	0.671022
1	0.639213
1	0.358566
1	0.398854
1	0.520034
1	0.479184
1	0.609136
1	0.713817
1	0.655078
1	0.627475
1	0.347474
1	0.806248
1	0.548257
1	0.626403
1	0.35704
1	0.53966
1	0.410715
1	0.516514
1	0.509607
1	0.529938
1	0.376896
1	0.501509
1	0.519286
1	0.489266
1	0.662753
1	0.676477
1	0.762364
1	0.644978
1	0.532832
1	0.684338
1	0.557485
1	0.652776
1	0.548025
1	0.321563
1	0.47484
1	0.493562
1	0.561708
1	0.546515
1	0.502283
1	0.744643
1	0.693429
1	0.554358
1	0.633071
1	0.623302
1	0.759185
1	0.602912
1	0.619314
1	0.653673
1	0.55461
1	0.694245
1	0.587377
1	0.480833
1	0.674556
1	0.54384
1	0.437534
1	0.488022
1	0.679015
1	0.491545
1	0.491304
1	0.625654
1	0.41104
1	0.488652
1	0.706931
1	0.615658
1	0.786589
1	0.605627
1	0.338246
1	0.546704
1	0.560304
1	0.59075
1	0.791899
1	0.657888
1	0.708801
1	0.587252
1	0.419206
1	0.603956
1	0.579526
1	0.594956
1	0.498161
1	0.658829
1	0.537297
1	0.58891
1	0.533364
1	0.694043
1	0.66893
1	0.729483
1	0.6034
1	0.646979
1	0.737693
1	0.607322
1	0.540727
1	0.571003
1	0.40413
1	0.639926
1	0.349454
1	0.610852
1	0.458376
1	0.384147
1	0.546817
1	0.801926
1	0.52945
1	0.709326
1	0.567777
1	0.507835
1	0.697839
1	0.626572
1	0.51803
1	0.81871
1	0.582047
1	0.67123
1	0.596639
-1	-0.0408093
-1	-0.0363028
-1	-0.0510237
-1	-0.14916
-1	-0.0464601
-1	-0.04096
-1	0.0496668
-1	0.0584634
-1	-0.0237678
-1	0.131707
-1	-0.100004
-1	0.134002
-1	-0.00714773
-1	0.0330047
-1	0.105858
-1	-0.0347408
-1	0.0626324
-1	0.0657168
-1	0.0964349
-1	0.0785412
-1	0.0586666
-1	0.109773
-1	-0.0866274
-1	0.0132807
-1	-0.171555
-1	-0.00764353
-1	0.0718792
-1	-0.0367287
-1	-0.00175317
-1	0.0203512
-1	0.0197101
-1	-0.0548016
-1	0.057161
-1	-0.0548141
-1	0.0274009
-1	0.0228012
-1	0.164631
-1	-0.0981921
-1	0.118571
-1	0.0243605
-1	-0.0550438
-1	0.0409927
-1	-0.0553533
-1	0.170532
-1	-0.049369
-1	0.10018
-1	-0.0196859
-1	0.00149631
-1	-0.0435889
-1	0.141811
-1	0.0819993
-1	0.198881
-1	0.054811
-1	0.0701131
-1	0.0836694
-1	0.0818821
-1	0.23977
-1	0.0117185
-1	0.0485126
-1	0.0641728
-1	-0.0404126
-1	-0.00793811
-1	-0.0500185
-1	0.0310755
-1	-0.0539608
-1	0.0227017
-1	0.00461023
-1	0.152045
-1	0.0724069
-1	0.0804736
-1	0.000647284
-1	0.00203711
-1	0.0365879
-1	0.0421774
-1	0.0147747
-1	-0.049348
-1	0.182606
-1	0.0958345
-1	-0.0132888
-1	0.0844299
-1	0.203545
-1	0.0490392
-1	-0.0338219
-1	-0.0441918
-1	-0.0658872
-1	0.105437
-1	0.0347166
-1	0.093448
-1	0.168325
-1	0.0992043
-1	-0.0236408
-1	0.088144
-1	0.0981916
-1	-0.0594579
-1	0.0218774
-1	0.0500475
-1	0.00662468
-1	0.178255
-1	0.0252006
-1	0.153652
-1	0.138897
-1	-0.0848355
-1	0.0268504
-1	-0.0443424
-1	0.133711
-1	-0.0232498
-1	0.039474
-1	0.102555
-1	0.12516
-1	0.062173
-1	-0.0214587
-1	-0.00297268
-1	0.0373774
-1	-0.00373229
-1	0.0937365
-1	0.0237788
-1	-0.0163169
-1	-0.113023
-1	0.0672615
-1	0.0323153
-1	0.0441961
-1	0.0683813
-1	0.0367928
-1	0.0268451
-1	0.0362676
-1	0.0809622
-1	-0.00894834
-1	0.0369396
-1	0.0888501
-1	-0.00411368
-1	-0.0187937
-1	0.077374
-1	-0.0552876
-1	-0.0844339
-1	-0.0353102
-1	-0.076605
-1	-0.187542
-1	9.72615e-05
-1	0.100983
-1	0.00560944
-1	0.193236
-1	0.0508153
-1	-0.110297
-1	0.0497958
-1	0.0328641
-1	0.036372
-1	-0.076933
-1	0.210982
-1	0.029156
-1	0.164319
-1	0.0100558
-1	0.150115
-1	0.0373691
-1	-0.115115
-1	0.05947
-1	0.0399522
-1	0.0531673
-1	0.0133829
-1	0.0343212
-1	0.00539117
-1	-0.050848
-1	0.0885127
-1	0.0976657
-1	0.226258
-1	0.0260847
-1	-0.0762809
-1	0.0732548
-1	0.0551185
-1	-0.0335681
-1	0.146673
-1	0.0441969
-1	-0.0758854
-1	0.0407051
-1	-0.0981302
-1	0.0521209
-1	0.0282182
-1	-0.0308564
-1	0.0241476
-1	0.00310813
-1	-0.0395519
-1	0.0593789
-1	0.163448
-1	0.0748592
-1	0.101999
-1	-0.056649
-1	0.151167
-1	0.152988
-1	0.0498983
-1	0.0484396
-1	0.299659
-1	-0.038642
-1	-0.0741163
-1	0.00374059
-1	0.108225
-1	0.0581191
-1	0.104911
-1	0.14092
-1	0.0349762
-1	-0.0711048
-1	0.167175
-1	0.0892545
-1	-0.00431517
-1	0.120711
-1	0.10494
-1	-0.05471
-1	-0.0164702
-1	0.0611412
-1	0.0731194
-1	-0.0445298
-1	0.0871972
-1	0.144616
-1	0.0840213
-1	-0.0170851
-1	-0.0259584
-1	-0.0366251
-1	0.0355192
-1	-0.0283342
-1	0.131089
-1	0.0286385
-1	0.000705013
-1	0.121601
-1	0.0483813
-1	0.0611718
-1	0.0685441
-1	0.0616817
-1	-0.0460442
-1	-0.00626023
-1	0.0257235
-1	-0.0514328
-1	-0.00186841
-1	-0.0675672
-1	0.116413
-1	0.041795
-1	0.111525
-1	0.0888566
-1	0.0737722
-1	0.16774
-1	0.073
-1	0.160333
-1	0.0551474
-1	0.130632
-1	0.0276053
-1	0.0673371
-1	0.0051368
-1	0.0500865
-1	0.18117
-1	0.0549535
-1	0.056215
-1	0.00534792
-1	0.122692
-1	-0.0635928
-1	-0.0197716
-1	-0.0357334
-1	-0.0374948
-1	0.0136352
-1	-0.00517247
-1	0.0248827
-1	0.0471538
-1	0.04967
-1	0.10405
-1	-0.0462725
-1	0.0235607
-1	0.0215936
-1	-0.00997721
-1	-0.000105655
-1	0.081935
-1	0.0408283
-1	0.0239253
-1	0.0172573
-1	0.0951031
-1	0.0327786
-1	-0.0641486
-1	0.052557
-1	-0.0349486
-1	0.106355
-1	0.0293222
-1	0.068761
-1	-0.021309
-1	-0.0354421
-1	0.0403715
-1	0.0232292
-1	-0.0762594
-1	0.0637094
-1	0.0406983
-1	0.111949
-1	-0.101849
-1	-0.0269946
-1	0.11917
-1	0.131698
-1	-0.0359583
-1	0.105898
-1	0.177167
-1	0.187339
-1	-0.0400769
-1	0.0316366
-1	-0.0434151
-1	-0.148056
-1	0.104649
-1	-0.0259747
-1	0.107261
1	0.780826
1	0.657708
1	0.500364
1	0.494552
1	0.357441
1	0.525964
1	0.614081
1	0.591156
1	0.607792
1	0.803559
1	0.655327
1	0.660728
1	0.738453
1	0.543332
1	0.698058
1	0.578512
1	0.580654
1	0.650425
1	0.552536
1	0.618072
1	0.698378
1	0.746051
1	0.7672
1	0.39487
1	0.511037
1	0.595236
1	0.452289
1	0.605646
1	0.529521
1	0.550833
1	0.612969
1	0.479858
1	0.453069
1	0.604934
1	0.57098
1	0.50504
1	0.703325
1	0.38925
1	0.599151
1	0.522723
1	0.529679
1	0.502615
1	0.562706
1	0.62014
1	0.753391
1	0.46447
1	0.766812
1	0.736229
1	0.619857
1	0.481976
1	0.439737
1	0.770815
1	0.615931
1	0.461823
1	0.306208
1	0.424758
1	0.638404
1	0.582909
1	0.599005
1	0.656399
1	0.652323
1	0.572551
1	0.670941
1	0.652892
1	0.600672
1	0.512737
1	0.707596
1	0.527537
1	0.386933
1	0.410274
1	0.529157
1	0.732222
1	0.479252
1	0.52562
1	0.482188
1	0.628471
1	0.61094
1	0.462355
1	0.744085
1	0.761863
1	0.659024
1	0.617833
1	0.719188
1	0.536085
1	0.583235
1	0.820395
1	0.535811
1	0.515279
1	0.572468
1	0.499039
1	0.441443
1	0.559504
1	0.507157
1	0.578772
1	0.525183
1	0.783801
1	0.587464
1	0.595429
1	0.66739
1	0.530853
1	0.784665
1	0.508032
1	0.643796
1	0.452914
1	0.607512
1	0.562148
1	0.57891
1	0.624085
1	0.600119
1	0.547971
1	0.62096
1	0.669929
1	0.674693
1	0.642604
1	0.765202
1	0.486083
1	0.613592
1	0.748552
1	0.465065
1	0.431003
1	0.475227
1	0.552256
1	0.405548
1	0.469846
1	0.571344
1	0.638382
1	0.692441
1	0.617119
1	0.62159
1	0.525353
1	0.567462
1	0.624391
1	0.602037
1	0.86829
1	0.591362
1	0.543651
1	0.563837
1	0.475544
1	0.574948
1	0.554529
1	0.62585
1	0.619354
1	0.668622
1	0.552685
1	0.52366
1	0.623178
1	0.485418
1	0.610793
1	0.566748
1	0.641934
1	0.722468
1	0.624047
1	0.615123
1	0.736429
1	0.628852
1	0.353831
1	0.767067
1	0.591283
1	0.655318
1	0.73073
1	0.706939
1	0.681484
1	0.673479
1	0.554391
1	0.518193
1	0.602259
1	0.726615
1	0.663281
1	0.608334
1	0.589513
1	0.783069
1	0.632675
1	0.27163
1	0.203658
1	0.540122
1	0.318541
1	0.609222
1	0.506812
1	0.654761
1	0.483448
1	0.687215
1	0.77701
1	0.531716
1	0.628656
1	0.587581
1	0.690862
1	0.627891
1	0.497974
1	0.35509
1	0.566026
1	0.695597
1	0.699384
1	0.702565
1	0.560601
1	0.485698
1	0.534434
1	0.65738
1	0.51301
1	0.642647
1	0.619198
1	0.625726
1	0.636271
1	0.671784
1	0.595434
1	0.649311
1	0.550958
1	0.599972
1	0.627985
1	0.560121
1	0.717445
1	0.531054
1	0.778206
1	0.671933
1	0.60562
1	0.665528
1	0.599212
1	0.469799
1	0.597993
1	0.48078
1	0.471144
1	0.493136
1	0.466641
1	0.698668
1	0.761789
1	0.630984
1	0.61662
1	0.755898
1	0.690793
1	0.58348
1	0.698242
1	0.677272
1	0.631929
1	0.666008
1	0.743458
1	0.545785
1	0.402736
1	0.466926
1	0.390309
1	0.345969
1	0.302416
1	0.640943
1	0.330504
1	0.516203
1	0.320139
1	0.369348
1	0.440768
1	0.512509
1	0.398628
1	0.705302
1	0.637411
1	0.523226
1	0.62332
1	0.646515
1	0.493069
1	0.581317
1	0.465296
1	0.605628
1	0.67011
1	0.585824
1	0.366624
1	0.595054
1	0.503146
1	0.834719
1	0.445028
1	0.542014
1	0.327134
1	0.681952
1	0.645153
1	0.616637
1	0.577074
1	0.649292
1	0.688923
1	0.584291
1	0.364421
1	0.515678
1	0.586148
1	0.583066
1	0.613192
1	0.536621
1	0.56186
1	0.277574
1	0.591638
1	0.616576
1	0.656457
1	0.399355
1	0.759128
1	0.373345
1	0.605779
1	0.472368
1	0.639876
1	0.434917
1	0.490716
1	0.499727
1	0.305277
1	0.245092
1	0.513015
1	0.652016
1	0.60256
1	0.75995
1	0.715677
-1	0.0469669
-1	-0.00934177
-1	0.164891
-1	-0.00959421
-1	-0.0401654
-1	0.0914844
-1	0.088873
-1	0.0472841
-1	0.0201807
-1	0.0398723
-1	-0.0178928
-1	0.0843615
-1	0.0930937
-1	0.0651772
-1	0.101727
-1	-0.0572299
-1	0.13442
-1	0.0219702
-1	-0.108465
-1	0.146954
-1	0.0731523
-1	0.147351
-1	0.02311
-1	0.0040351
-1	0.0939942
-1	-0.152801
-1	0.0212794
-1	-0.01665
-1	-0.11047
-1	0.0853264
-1	0.0817105
-1	0.10229
-1	0.00303403
-1	0.207676
-1	0.0683305
-1	0.107521
-1	0.0515256
-1	0.100932
-1	0.0680924
-1	0.139472
-1	-0.0420436
-1	0.110915
-1	0.139104
-1	0.153012
-1	0.136932
-1	0.225863
-1	-0.00364569
-1	0.240999
-1	0.00350131
-1	-0.0330686
-1	0.208383
-1	0.00506765
-1	-0.0111247
-1	0.0957722
-1	0.0197317
-1	0.100106
-1	-0.0057286
-1	-0.0221637
-1	0.0524345
-1	-0.0813057
-1	0.00823572
-1	0.0954754
-1	0.0148247
-1	-0.029138
-1	0.233239
-1	0.0698431
-1	0.0663705
-1	0.0115778
-1	-0.14714
-1	0.233115
-1	0.0374661
-1	0.00144002
-1	0.061126
-1	-0.0207904
-1	0.0524359
-1	0.0962156
-1	0.0383662
-1	0.0902824
-1	0.031361
-1	0.256458
-1	-0.0268312
-1	-0.0903614
-1	-0.00413189
-1	0.000180532
-1	0.00843045
-1	0.0584366
-1	0.0430875
-1	-0.0848212
-1	0.0688512
-1	-0.00511986
-1	-0.139264
-1	0.0260803
-1	0.071136
-1	-0.0394569
-1	0.185975
-1	0.134384
-1	-0.0445378
-1	-0.103684
-1	0.0754865
-1	0.0553564
-1	0.0711326
-1	-0.0387891
-1	-0.00665446
-1	0.0410976
-1	0.0280706
-1	-0.00097874
-1	-0.0629997
-1	0.112346
-1	0.112697
-1	0.0355955
-1	0.0494091
-1	0.0180695
-1	0.0412932
-1	-0.0301795
-1	0.066573
-1	0.0308391
-1	-0.0235152
-1	0.0154616
-1	0.0760057
-1	0.383283
-1	0.0696819
-1	0.089596
-1	0.0425724
-1	0.0331547
-1	-0.0277665
-1	0.0701985
-1	-0.0212765
-1	0.049559
-1	0.0396154
-1	-0.00460964
-1	-0.0422821
-1	0.000145051
-1	0.0286995
-1	0.0188881
-1	-0.162455
-1	0.128309
-1	-0.0911293
-1	-0.0236484
-1	0.183113
-1	-0.0377343
-1	0.0461912
-1	0.0202969
-1	-0.117461
-1	-0.105616
-1	0.03519
-1	0.00637709
-1	-0.0418456
-1	0.00974546
-1	-0.0336196
-1	0.0885718
-1	-0.0144617
-1	0.0802879
-1	0.242405
-1	0.0962363
-1	0.0179717
-1	0.0263719
-1	0.029023
-1	-0.0904484
-1	0.126626
-1	-0.00631984
-1	0.0397968
-1	0.0902397
-1	0.0464047
-1	-0.00780586
-1	0.100285
-1	0.200947
-1	-0.085179
-1	0.117191
-1	-0.116722
-1	0.11778
-1	0.138078
-1	-0.0780698
-1	0.0126667
-1	0.123086
-1	0.11778
-1	0.0914455
-1	0.104935
-1	-0.0193416
-1	0.0182124
-1	0.0662265
-1	-0.010846
-1	0.0530192
-1	-0.0194176
-1	-0.015839
-1	-0.0773767
-1	-0.174972
-1	-0.0688424
-1	0.106204
-1	0.000756652
-1	-0.0236483
-1	0.0679626
-1	0.0208679
-1	-0.0349854
-1	-0.0727796
-1	0.0577553
-1	-0.132298
-1	-0.0303663
-1	0.131956
-1	0.199728
-1	-0.0505715
-1	-0.033416
-1	0.0753744
-1	0.0633218
-1	-0.0864843
-1	0.0508328
-1	-0.0198138
-1	0.0594347
-1	0.0639169
-1	0.0690631
-1	0.0784058
-1	0.102894
-1	-0.0806569
-1	0.0274243
-1	-0.00589023
-1	-0.036013
-1	-0.0042176
-1	0.008618
-1	-0.0040417
-1	0.00837488
-1	0.117631
-1	-0.028963
-1	0.0937762
-1	0.118307
-1	0.086262
-1	0.028249
-1	0.120382
-1	0.113339
-1	0.063106
-1	0.105078
-1	0.111508
-1	0.024188
-1	-0.0581639
-1	0.0831878
-1	-0.0162892
-1	0.0763962
-1	0.0572583
-1	0.17955
-1	0.112965
-1	0.0149396
-1	0.0608893
-1	0.0952169
-1	0.0609814
-1	-0.0338023
-1	0.00188454
-1	0.0620903
-1	0.152591
-1	0.182695
-1	0.0709571
-1	0.0420814
-1	0.200245
-1	0.0279389
-1	-0.0518085
-1	-0.0998232
-1	0.0945167
-1	0.018833
-1	-0.0397258
-1	0.0351101
-1	-0.0018122
-1	-0.0600258
-1	0.189915
-1	0.00612335
-1	0.220598
-1	0.0659463
-1	0.0203702
-1	0.0133128
-1	0.0483593
-1	0.266597
-1	0.0958434
-1	0.100071
-1	-0.00548527
-1	-0.0653842
-1	0.156519
-1	0.052078
-1	0.055305
-1	-0.0919998
-1	0.123875
-1	-0.027706
-1	-0.074588
-1	-0.0794071
-1	0.0680305
-1	0.0760779
-1	0.11951
-1	-0.0132662
-1	0.0404176
-1	-0.0370046
-1	0.0631989
-1	0.0196832
-1	-0.00665484
-1	0.191796
-1	-0.139643
-1	0.02769
-1	0.0233552
-1	0.137461
-1	0.0572906
-1	-0.0629216
-1	-0.0770258
-1	0.0384186
-1	0.0188226
-1	0.156896
-1	0.184944
