-1	0.08552
-1	0.132062
-1	0.156941
-1	0.0341274
-1	0.0608823
-1	0.161335
-1	0.182741
-1	0.0433468
-1	0.0450645
-1	-0.0315915
-1	-0.0326621
-1	-0.108169
-1	0.021421
-1	-0.000446044
-1	0.0775887
-1	-0.0545076
-1	0.107322
-1	0.107557
-1	-0.0552665
-1	0.0587541
-1	0.207162
-1	0.0781733
-1	0.0397697
-1	-0.105835
-1	0.138459
-1	0.0513164
-1	0.0615571
-1	0.110245
-1	0.0670384
-1	0.141661
-1	0.19042
-1	0.101874
-1	0.0368381
-1	0.13674
-1	0.238505
-1	0.12515
-1	0.0229566
-1	-0.0376355
-1	0.0865162
-1	-0.149734
-1	0.146344
-1	0.13663
-1	0.210991
-1	0.095663
-1	0.101946
-1	0.00249543
-1	0.106843
-1	0.238275
-1	0.129309
-1	0.191534
-1	0.103903
-1	0.0625656
-1	-0.0948961
-1	-0.0412725
-1	-0.09423
-1	-0.00977669
-1	-0.00947472
-1	0.0276085
-1	0.146743
-1	0.199952
-1	0.0285927
-1	-0.0499111
-1	-0.00548766
-1	0.0750135
-1	-0.131349
-1	-0.0188557
-1	0.00893083
-1	0.0163682
-1	-0.0817053
-1	-0.0874858
-1	0.138716
-1	0.057884
-1	-0.0654277
-1	0.24808
1	0.789461
1	0.786331
1	0.773931
1	0.767367
1	0.749994
1	0.407177
1	0.783377
1	0.516787
1	0.580746
1	0.694591
1	0.633644
1	0.730732
1	0.85706
1	0.722401
1	0.582173
1	0.634033
1	0.329604
1	0.569931
1	0.519498
1	0.644191
1	0.559082
1	0.686471
1	0.608601
1	0.521505
1	0.725634
1	0.286116
1	0.445792
1	0.532897
1	0.517002
1	0.342345
1	0.609791
1	0.599339
1	0.754167
1	0.618048
1	0.790642
1	0.682752
1	0.717558
1	0.56323
1	0.706682
1	0.681159
1	0.568769
1	0.619459
1	0.857961
1	0.657293
1	0.717113
1	0.801485
1	0.605148
1	0.793835
1	0.758913
1	0.544682
1	0.479308
1	0.54866
1	0.578553
1	0.666175
1	0.667099
1	0.325958
1	0.67696
1	0.367255
1	0.673125
1	0.460575
1	0.501229
1	0.544142
1	0.62242
1	0.691272
1	0.500076
1	0.763362
1	0.605182
1	0.576278
1	0.656986
1	0.521115
1	0.613247
1	0.565011
1	0.55614
1	0.580071
1	0.539704
1	0.642065
1	0.490548
1	0.590665
1	0.732883
1	0.812763
1	0.71569
1	0.62914
1	0.59167
1	0.667608
1	0.632305
1	0.598088
1	0.706607
1	0.755083
1	0.82553
1	0.643521
1	0.685688
1	0.621801
1	0.729253
1	0.650766
1	0.723114
1	0.477219
1	0.807908
1	0.482395
1	0.683975
1	0.697307
1	0.610903
1	0.737807
1	0.870774
1	0.740373
1	0.589268
1	0.718621
1	0.680269
1	0.577342
1	0.556845
1	0.56096
1	0.456529
1	0.717516
1	0.664392
1	0.691808
1	0.666912
1	0.486777
1	0.730025
1	0.733801
1	0.592264
1	0.557853
1	0.717381
1	0.705067
1	0.531316
1	0.544904
1	0.651617
1	0.507511
1	0.683441
1	0.69319
1	0.630013
1	0.570651
1	0.75694
1	0.486196
1	0.76669
1	0.585075
1	0.700489
1	0.662045
1	0.514005
1	0.639076
1	0.656074
1	0.574167
1	0.424643
1	0.790716
1	0.711736
1	0.687816
1	0.635745
1	0.60718
1	0.435279
1	0.295219
1	0.661049
1	0.351336
1	0.436346
1	0.458131
1	0.769402
1	0.760382
1	0.682477
1	0.845057
1	0.641877
1	0.587532
1	0.869115
1	0.761998
1	0.633738
1	0.446295
1	0.665244
1	0.667372
1	0.632739
1	0.587222
1	0.739966
1	0.718369
1	0.747403
1	0.652647
1	0.554073
1	0.735063
1	0.561072
1	0.460958
1	0.564339
1	0.796874
1	0.743123
1	0.490997
1	0.407049
1	0.768784
1	0.622855
1	0.718703
1	0.824174
1	0.789594
1	0.570073
1	0.649917
1	0.513686
1	0.445816
1	0.568984
1	0.744448
1	0.846889
1	0.693883
1	0.543737
1	0.767944
1	0.485486
1	0.43875
1	0.688643
1	0.745144
1	0.745597
1	0.64439
1	0.710214
1	0.636234
1	0.730027
1	0.66964
1	0.649805
1	0.603157
1	0.620968
1	0.74267
1	0.652308
1	0.62878
1	0.687273
1	0.729945
1	0.490174
1	0.650109
1	0.645025
1	0.625612
1	0.830723
1	0.520015
1	0.70408
1	0.669456
1	0.695455
1	0.637124
1	0.627383
1	0.599632
1	0.788061
1	0.800525
1	0.383264
1	0.525439
1	0.714376
1	0.35684
1	0.775565
1	0.323346
1	0.698834
1	0.801902
1	0.703008
1	0.580562
1	0.660027
1	0.687178
1	0.550893
1	0.55455
1	0.663112
1	0.352226
1	0.632579
1	0.581657
1	0.331817
1	0.675968
1	0.39935
1	0.501119
1	0.500562
1	0.568293
1	0.560151
1	0.514633
1	0.720222
1	0.723661
1	0.680847
1	0.571576
1	0.579558
1	0.620166
1	0.739716
1	0.537995
1	0.690022
1	0.452825
1	0.38848
1	0.840974
1	0.62748
1	0.763578
1	0.720735
1	0.550599
1	0.711431
1	0.660188
1	0.510616
1	0.746339
1	0.555643
1	0.652412
1	0.595514
1	0.628727
1	0.713971
1	0.750534
1	0.616147
1	0.505222
1	0.684565
1	0.43926
1	0.693479
1	0.838489
1	0.783605
1	0.49365
1	0.482825
1	0.628304
1	0.488
1	0.665219
1	0.694154
1	0.653081
1	0.555794
1	0.728636
1	0.644861
1	0.765194
1	0.66557
1	0.756554
1	0.603898
1	0.477703
-1	0.159657
-1	0.0193551
-1	0.118462
-1	0.0758558
-1	0.055351
-1	-0.0481201
-1	-0.110974
-1	0.0305985
-1	0.0400922
-1	0.0667955
-1	0.164513
-1	0.055017
-1	0.0473686
-1	0.0266746
-1	0.12075
-1	0.0281795
-1	0.0426953
-1	0.133854
-1	0.0198843
-1	0.0675566
-1	0.222587
-1	0.107646
-1	-0.0129413
-1	0.0750545
-1	-0.0782289
-1	-0.115955
-1	0.113399
-1	0.228656
-1	0.0289278
-1	0.0762085
-1	-0.00458455
-1	0.112503
-1	0.108455
-1	0.0527753
-1	0.0340954
-1	-0.0486487
-1	0.0262845
-1	-0.0541932
-1	-0.0139121
-1	-0.0995351
-1	0.00288773
-1	0.274585
-1	0.138251
-1	0.192549
-1	-0.196529
-1	0.0529726
-1	0.00239846
-1	-0.0121848
-1	0.0555065
-1	0.204556
-1	0.031658
-1	0.0747052
-1	-0.0904868
-1	0.0097268
-1	0.138437
-1	0.0219485
-1	0.185483
-1	0.148789
-1	0.0708192
-1	-0.111818
-1	0.241389
-1	0.0762862
-1	0.160777
-1	0.0690115
-1	0.014447
-1	-0.081135
-1	-0.0280812
-1	-0.090566
-1	0.0381884
-1	0.245299
-1	0.0364162
-1	0.0345826
-1	0.141467
-1	0.0305771
-1	0.132926
-1	-0.0766483
-1	0.117181
-1	0.0524775
-1	0.0142628
-1	-0.00737859
-1	-0.00956204
-1	0.287505
-1	0.204098
-1	-0.0492491
-1	0.0156535
-1	0.02283
-1	-0.0554723
-1	0.13869
-1	-0.0615306
-1	0.083575
-1	0.0232473
-1	0.0337633
-1	-0.0356875
-1	-0.202033
-1	-0.116967
-1	-0.00145044
-1	0.0154866
-1	0.0274223
-1	0.0409045
-1	0.107989
-1	0.0705565
-1	0.0305085
-1	0.21655
-1	0.0305041
-1	-0.0897312
-1	-0.0177058
-1	0.232744
-1	0.0239557
-1	0.0434974
-1	-0.0833331
-1	0.030422
-1	0.0219756
-1	0.00183548
-1	0.137599
-1	-0.0844323
-1	-0.0288764
-1	0.0492078
-1	-0.0750204
-1	0.0620339
-1	0.169739
-1	-0.115287
-1	0.115829
-1	0.0133955
-1	-0.0444095
-1	0.0404182
-1	0.212563
-1	-0.0963416
-1	-0.0147084
-1	0.133257
-1	-0.150558
-1	-0.26305
-1	0.00197449
-1	-0.0730851
-1	-0.0541592
-1	-0.219445
-1	-0.0772558
-1	0.18314
-1	0.0889834
-1	0.0718465
-1	0.278029
-1	0.0364317
-1	0.18179
-1	0.11368
-1	0.223883
-1	0.223031
-1	0.0459201
-1	0.094489
-1	0.107085
-1	0.10663
-1	0.157759
-1	0.0378628
-1	0.112257
-1	0.00497562
-1	-0.0390084
-1	0.176245
-1	0.157772
-1	0.106844
-1	-0.248778
-1	0.259896
-1	0.121926
-1	0.0103644
-1	0.00666628
-1	0.0299675
-1	0.013734
-1	-0.00158018
-1	-0.136929
-1	0.0115692
-1	-0.0345408
-1	-0.00572863
-1	0.0328472
-1	-0.046662
-1	-0.0202316
-1	0.0495228
-1	0.0903803
-1	0.129254
-1	-0.123644
-1	0.103731
-1	0.0525566
-1	0.0589809
-1	0.217934
-1	0.102877
-1	0.0683348
-1	0.0270197
-1	0.00399661
-1	-0.080709
-1	-0.0564763
-1	0.036635
-1	0.0111428
-1	-0.0612251
-1	0.143906
-1	0.111931
-1	-0.0942591
-1	-0.0118904
-1	0.0214558
-1	-0.0662185
-1	-0.00563301
-1	0.189422
-1	0.148683
-1	0.080953
-1	-0.00524923
-1	-0.140142
-1	0.144124
-1	-0.0937453
-1	-0.0117701
-1	0.00184835
-1	-0.072396
-1	0.0644874
-1	-0.0285277
-1	0.147909
-1	-0.0409665
-1	0.00868069
-1	0.0677593
-1	-0.0807318
-1	0.0591718
-1	-0.103828
-1	0.0639131
-1	0.105099
-1	0.028557
-1	0.0196877
-1	-0.0551176
-1	-0.0747293
-1	-0.148564
-1	0.350182
-1	-0.081638
-1	0.181156
-1	0.136048
-1	-0.151535
-1	-0.176064
-1	0.0484506
-1	0.0344292
-1	-0.086299
-1	-0.0573509
-1	0.119061
-1	-0.135714
-1	0.184731
-1	0.151705
-1	0.0296432
-1	0.0728403
-1	-0.11816
-1	0.228562
-1	0.10105
-1	-0.00737008
-1	-0.126895
-1	0.0294267
-1	0.258207
-1	-0.0258073
-1	0.145173
-1	0.290656
-1	0.0459348
-1	0.147709
-1	-0.0399252
-1	0.100243
-1	0.0833792
-1	-0.00824279
-1	-0.037331
-1	0.0478265
-1	0.133082
-1	0.0670558
-1	0.286319
-1	0.00946668
-1	0.0689144
-1	0.0801736
-1	0.0398085
-1	0.0415786
-1	0.0818106
-1	-0.0152995
-1	0.0445184
-1	0.056682
-1	0.0520677
-1	0.102076
-1	0.021609
-1	0.0268876
-1	0.0372797
-1	0.0447781
-1	0.0173404
-1	0.0652131
-1	0.057052
-1	0.162764
-1	0.0408085
-1	0.105289
-1	0.0465914
-1	0.107494
-1	0.150985
-1	0.2512
-1	0.0886533
-1	0.12039
-1	-0.00224671
-1	-0.0558581
-1	0.143974
-1	0.132822
-1	0.0529509
-1	0.232559
-1	0.00373755
-1	0.187722
-1	-0.222758
-1	0.0642713
-1	0.0914524
-1	-0.0780258
-1	0.0897898
-1	0.0153767
1	0.677921
1	0.570252
1	0.596748
1	0.66112
1	0.613264
1	0.528272
1	0.61965
1	0.908024
1	0.629562
1	0.705058
1	0.725943
1	0.738407
1	0.72071
1	0.695337
1	0.687288
1	0.541172
1	0.465222
1	0.621592
1	0.765283
1	0.8393
1	0.861316
1	0.545717
1	0.526825
1	0.51337
1	0.806232
1	0.679001
1	0.64938
1	0.422549
1	0.263339
1	0.179974
1	0.334033
1	0.710738
1	0.659018
1	0.255229
1	0.412446
1	0.360098
1	0.466938
1	0.625022
1	0.541529
1	0.624312
1	0.576269
1	0.723909
1	0.666329
1	0.867449
1	0.712061
1	0.302773
1	0.673639
1	0.551782
1	0.598585
1	0.709088
1	0.645873
1	0.597131
1	0.747407
1	0.709772
1	0.347454
1	0.539023
1	0.663993
1	0.71348
1	0.703535
1	0.747831
1	0.651317
1	0.654038
1	0.747672
1	0.683192
1	0.734731
1	0.734672
1	0.59334
1	0.270478
1	0.411959
1	0.320735
1	0.395189
1	0.564994
1	0.618031
1	0.570044
1	0.435439
1	0.41287
1	0.625015
1	0.569764
1	0.540163
1	0.62526
1	0.70284
1	0.786934
1	0.687885
1	0.622034
1	0.729537
1	0.640894
1	0.704707
1	0.649263
1	0.624909
1	0.654021
1	0.617581
1	0.746419
1	0.752395
1	0.705163
1	0.698978
1	0.605522
1	0.639476
1	0.622099
1	0.64235
1	0.496076
1	0.792469
1	0.482701
1	0.843941
1	0.726318
1	0.637175
1	0.664178
1	0.698871
1	0.450988
1	0.672382
1	0.579317
1	0.364537
1	0.426776
1	0.778967
1	0.730962
1	0.741931
1	0.754304
1	0.715795
1	0.760073
1	0.767124
1	0.765269
1	0.72162
1	0.770714
1	0.674993
1	0.830666
1	0.665475
1	0.543395
1	0.546004
1	0.576297
1	0.457139
1	0.573123
1	0.568735
1	0.394205
1	0.749373
1	0.703382
1	0.792696
1	0.57424
1	0.557783
1	0.773326
1	0.589909
1	0.779456
1	0.542736
1	0.38985
1	0.378848
1	0.375572
1	0.273577
1	0.596104
1	0.317302
1	0.86459
1	0.773809
1	0.74505
1	0.637302
1	0.751019
1	0.423352
1	0.507912
1	0.722702
1	0.619883
1	0.692124
1	0.71786
1	0.436767
1	0.658359
1	0.555982
1	0.613092
1	0.603843
1	0.917634
1	0.630544
1	0.662232
1	0.81048
1	0.851104
1	0.82698
1	0.861519
1	0.522855
1	0.633805
1	0.528609
1	0.569197
1	0.756764
1	0.67176
1	0.80474
1	0.731952
1	0.628158
1	0.488518
1	0.778503
1	0.601662
1	0.803106
1	0.554124
1	0.709537
1	0.753966
1	0.758896
1	0.627981
1	0.521734
1	0.593702
1	0.747053
1	0.608158
1	0.684683
1	0.569384
1	0.651972
1	0.39942
1	0.754416
1	0.600707
1	0.65692
1	0.646084
1	0.584972
1	0.675563
1	0.57056
1	0.477333
1	0.794734
1	0.676814
1	0.622329
1	0.557948
1	0.589995
1	0.55681
1	0.534353
1	0.603822
1	0.756959
1	0.311073
1	0.826688
1	0.854128
1	0.485591
1	0.435017
1	0.710849
1	0.548817
1	0.318641
1	0.596697
1	0.680001
1	0.684735
1	0.622557
1	0.683865
1	0.599632
1	0.613133
1	0.589127
1	0.735658
1	0.521699
1	0.592728
1	0.674232
1	0.589329
1	0.528723
1	0.746171
1	0.497123
1	0.77084
1	0.467214
1	0.866375
1	0.660767
1	0.586221
1	0.644708
1	0.593366
1	0.540162
1	0.741666
1	0.659347
1	0.517881
1	0.323408
1	0.561551
1	0.641175
1	0.548463
1	0.69192
1	0.706486
1	0.707355
1	0.760413
1	0.594132
1	0.940002
1	0.741704
1	0.624159
1	0.850902
1	0.338553
1	0.678164
1	0.535557
1	0.469525
1	0.29992
1	0.618519
1	0.425736
1	0.536521
1	0.738718
1	0.687102
1	0.721734
1	0.796293
1	0.454045
1	0.697909
1	0.723602
1	0.709127
1	0.674623
1	0.563244
1	0.78574
1	0.466952
1	0.701226
1	0.671339
1	0.596038
1	0.460832
1	0.63074
1	0.557787
1	0.613611
1	0.733037
1	0.675854
1	0.580372
1	0.66412
1	0.517564
1	0.62594
1	0.671001
1	0.6935
1	0.778924
1	0.632866
1	0.636809
1	0.532419
-1	0.0578982
-1	-0.0862788
-1	-0.150154
-1	0.156681
-1	0.109008
-1	0.143637
-1	0.05721
-1	-0.0682321
-1	0.128858
-1	0.0321197
-1	0.0120434
-1	0.0338298
-1	0.105999
-1	-0.0472436
-1	-0.163397
-1	0.100778
-1	0.11738
-1	0.0280148
-1	0.0634808
-1	0.0245818
-1	0.140811
-1	-0.128121
-1	0.0329108
-1	-0.0112445
-1	-0.00060336
-1	-0.0706297
-1	0.167864
-1	-0.0430323
-1	0.0786826
-1	0.171421
-1	0.0178043
-1	-0.0493047
-1	-0.014762
-1	0.0722824
-1	0.0435447
-1	0.15242
-1	-0.0478218
-1	0.216624
-1	0.0692979
-1	-0.0221151
-1	0.0677225
-1	0.168588
-1	0.0223071
-1	0.116998
-1	0.149941
-1	0.0819856
-1	0.0326565
-1	0.129105
-1	0.0795237
-1	-0.0134358
-1	-0.125468
-1	0.0880031
-1	-0.0331634
-1	0.253234
-1	0.241671
-1	-0.0290719
-1	0.0261703
-1	-0.00969752
-1	0.0993229
-1	-0.0343587
-1	0.120295
-1	0.142164
-1	0.141565
-1	-0.00268028
-1	0.00492704
-1	0.213552
-1	-0.0125024
-1	0.0604101
-1	0.111825
-1	0.0127113
-1	-0.0398629
-1	-0.0146338
-1	0.0190351
-1	0.170366
-1	0.0166686
-1	0.0805016
-1	0.0780222
-1	-0.0661145
-1	0.0398215
-1	0.173595
-1	-0.00265627
-1	0.102499
-1	0.173207
-1	0.0110611
-1	-0.0017055
-1	0.0694642
-1	0.0781512
-1	0.00659932
-1	-0.079231
-1	0.0547238
-1	0.232916
-1	0.152204
-1	0.0710747
-1	0.157522
-1	-0.0657394
-1	0.0982794
-1	0.0823619
-1	0.00143728
-1	0.0501969
-1	0.0892464
-1	0.177044
-1	0.0442202
-1	0.141665
-1	0.114831
-1	0.126789
-1	0.200297
-1	-0.0515306
-1	0.258914
-1	-0.0509071
-1	0.153355
-1	-0.0667223
-1	-0.0703205
-1	-0.015431
-1	0.00206168
-1	0.187324
-1	0.213315
-1	0.130689
-1	0.134933
-1	0.233178
-1	0.255863
-1	0.0951724
-1	0.10179
-1	-0.00810727
-1	0.108571
-1	0.108024
-1	0.0311644
-1	0.128023
-1	0.103148
-1	0.0851154
-1	-0.0737275
-1	0.0175663
-1	0.0482308
-1	0.267009
-1	0.232825
-1	-0.00599952
-1	0.0236567
-1	0.0441694
-1	-0.108104
-1	-0.0787757
-1	0.0623986
-1	-0.0664241
-1	-0.148866
-1	0.0974334
-1	-0.0368871
-1	0.0875761
-1	-0.0848411
-1	-0.0149923
-1	0.0849617
-1	0.159285
-1	0.104317
-1	-0.0572143
-1	-0.0522818
-1	0.155272
-1	0.0207184
-1	-0.0751659
-1	0.0481375
-1	-0.103117
-1	0.0210337
-1	-0.030195
-1	0.249832
-1	0.137942
-1	0.0595865
-1	-0.106519
-1	0.122367
-1	0.0891578
-1	0.0534066
-1	0.156694
-1	0.00159374
-1	0.0403035
-1	-0.0376211
-1	0.131647
-1	0.0916931
-1	0.0381463
-1	0.185491
-1	-0.10547
-1	0.14804
-1	-0.0751482
-1	-0.092673
-1	0.166619
-1	-0.0951188
-1	0.0334041
-1	0.104708
-1	0.158633
-1	-0.0559637
-1	0.00573196
-1	0.0257746
-1	0.219479
-1	-0.112268
-1	0.122807
-1	0.18381
-1	0.122433
-1	0.0644104
-1	-0.0993948
-1	0.240407
-1	0.122368
-1	0.0267229
-1	0.140978
-1	0.104205
-1	-0.0522682
-1	0.134307
-1	0.0862692
-1	-0.013055
-1	0.121939
-1	-0.0482817
-1	-0.0847092
-1	0.0644258
-1	-0.0476852
-1	0.0766545
-1	-0.169223
-1	-0.0900506
-1	0.0224276
-1	-0.085457
-1	0.0121158
-1	0.0507003
-1	0.0660259
-1	0.140591
-1	-0.0735432
-1	0.0127818
-1	-0.102014
-1	-0.0437939
-1	0.0805731
-1	0.191511
-1	0.0284992
-1	0.0293091
-1	0.194337
-1	-0.129392
-1	0.0806373
-1	0.0807703
-1	0.105098
-1	-0.0231668
-1	0.127286
-1	-0.0224771
-1	0.0236884
-1	0.0882002
-1	0.0585227
-1	-0.013096
-1	0.0891122
-1	-0.0583953
-1	-0.0170393
-1	-0.0119852
-1	-0.0720776
-1	0.184453
-1	0.0312513
-1	0.172385
-1	0.0493086
-1	0.0873848
-1	0.0863846
-1	0.0236567
-1	0.0127506
-1	0.142054
-1	0.102426
-1	-0.0464517
-1	0.0268521
-1	0.193177
-1	0.229317
-1	0.0663403
-1	0.067194
-1	0.0449371
-1	0.142919
-1	-0.148879
-1	-0.0245118
-1	0.0340635
-1	0.0690648
-1	0.163685
-1	0.121371
-1	0.124208
-1	0.103024
-1	-0.137928
-1	0.0124463
-1	-0.0254768
-1	0.0937351
-1	0.234194
-1	-0.0613961
-1	-0.00210106
-1	-0.0334478
-1	0.0592528
-1	0.0884058
-1	0.10536
-1	0.105369
-1	0.0322305
-1	0.065453
-1	0.0420722
-1	0.12152
-1	0.0224238
-1	-0.0494516
-1	-0.00167352
-1	-0.0804325
-1	0.151453
-1	0.0338766
-1	0.147554
-1	0.0153361
-1	0.19203
-1	-0.0392113
-1	-0.0141483
-1	0.233614
-1	0.164292
-1	0.0530321
-1	-0.0453898
-1	0.0519402
-1	0.0663172
1	0.602971
1	0.401989
1	0.480864
1	0.656887
1	0.437895
1	0.672478
1	0.663929
1	0.74998
1	0.636021
1	0.769895
1	0.652066
1	0.703523
1	0.359021
1	0.391674
1	0.4924
1	0.521513
1	0.71041
1	0.671874
1	0.526858
1	0.472713
1	0.372719
1	0.483736
1	0.613421
1	0.667916
1	0.80295
1	0.691657
1	0.618382
1	0.65888
1	0.679226
1	0.68499
1	0.63582
1	0.45332
1	0.563232
1	0.399476
1	0.63054
1	0.640033
1	0.758062
1	0.776593
1	0.611485
1	0.697914
1	0.728472
1	0.781028
1	0.587008
1	0.356336
1	0.622813
1	0.339382
1	0.508381
1	0.813211
1	0.600867
1	0.514444
1	0.647739
1	0.359961
1	0.727612
1	0.341983
1	0.683219
1	0.669995
1	0.740167
1	0.555823
1	0.667157
1	0.730156
1	0.769135
1	0.0763525
1	0.657367
1	0.651802
1	0.580367
1	0.659108
1	0.717954
1	0.541923
1	0.698186
1	0.667951
1	0.609785
1	0.437057
1	0.571961
1	0.518388
1	0.687957
1	0.647466
1	0.640141
1	0.515226
1	0.397157
1	0.459791
1	0.495739
1	0.66133
1	0.613273
1	0.606615
1	0.758254
1	0.705991
1	0.713962
1	0.421377
1	0.843381
1	0.886984
1	0.914003
1	0.781759
1	0.769196
1	0.900572
1	0.479731
1	0.6589
1	0.661328
1	0.622322
1	0.577162
1	0.47009
1	0.481467
1	0.925422
1	0.746552
1	0.418837
1	0.907104
1	0.644084
1	0.563585
1	0.615135
1	0.815277
1	0.60113
1	0.694408
1	0.513999
1	0.576668
1	0.636081
1	0.651261
1	0.755919
1	0.815881
1	0.514735
1	0.341151
1	0.26901
1	0.786621
1	0.822492
1	0.45256
1	0.64273
1	0.583905
1	0.424172
1	0.656986
1	0.643957
1	0.434605
1	0.578499
1	0.649513
1	0.330819
1	0.338467
1	0.625078
1	0.755078
1	0.761506
1	0.552884
1	0.629838
1	0.659401
1	0.794355
1	0.628428
1	0.604161
1	0.782899
1	0.456191
1	0.388917
1	0.731335
1	0.700591
1	0.456511
1	0.586484
1	0.453953
1	0.332351
1	0.482315
1	0.637966
1	0.670525
1	0.749621
1	0.78234
1	0.617147
1	0.475699
1	0.620746
1	0.639245
1	0.591981
1	0.758463
1	0.647407
1	0.700485
1	0.629998
1	0.55581
1	0.724201
1	0.483552
1	0.494341
1	0.304517
1	0.636008
1	0.554343
1	0.787044
1	0.585723
1	0.648006
1	0.566745
1	0.586745
1	0.591595
1	0.460777
1	0.514074
1	0.452998
1	0.580198
1	0.708032
1	0.821462
1	0.81038
1	0.788053
1	0.593826
1	0.756508
1	0.644006
1	0.667053
1	0.454378
1	0.610843
1	0.720979
1	0.713551
1	0.767121
1	0.597088
1	0.474512
1	0.858406
1	0.733135
1	0.764407
1	0.689677
1	0.905465
1	0.771608
1	0.708307
1	0.486259
1	0.450354
1	0.213376
1	0.151493
1	0.387605
1	-0.0186609
1	0.935404
1	0.571761
1	0.556134
1	0.713923
1	0.713292
1	0.605363
1	0.425667
1	0.686361
1	0.615915
1	0.650751
1	0.557682
1	0.736717
1	0.710618
1	0.655739
1	0.647127
1	0.62247
1	0.537198
1	0.640329
1	0.559084
1	0.759696
1	0.705417
1	0.702418
1	0.941343
1	0.632412
1	0.714378
1	0.619747
1	0.603999
1	0.74127
1	0.470222
1	0.561642
1	0.417011
1	0.566424
1	0.397534
1	0.422667
1	0.462467
1	0.697116
1	0.643978
1	0.598857
1	0.41793
1	0.669691
1	0.716106
1	0.378117
1	0.432651
1	0.680822
1	0.486693
1	0.479557
1	0.496472
1	0.50014
1	0.683697
1	0.641113
1	0.768446
1	0.658648
1	0.877722
1	0.720434
1	0.585909
1	0.544052
1	0.787351
1	0.443918
1	0.747844
1	0.512316
1	0.633384
1	0.579223
1	0.467949
1	0.690833
1	0.699498
1	0.365593
1	0.561494
1	0.653123
1	0.624696
1	0.614506
1	0.524876
1	0.413351
1	0.461862
1	0.635024
1	0.68766
1	0.707989
1	0.702095
1	0.651378
1	0.464317
1	0.709672
1	0.709531
1	0.872617
1	0.672097
1	0.6074
1	0.802427
1	0.631803
1	0.630252
1	0.731713
1	0.728619
1	0.723081
-1	0.118837
-1	0.0345129
-1	0.0405535
-1	0.208308
-1	0.151681
-1	0.0778446
-1	0.150554
-1	0.121028
-1	-0.0192424
-1	0.161297
-1	-0.00548349
-1	-0.0482705
-1	-0.021304
-1	-0.0142327
-1	0.0795558
-1	-0.214241
-1	0.0565065
-1	0.0595805
-1	0.192223
-1	0.156051
-1	0.148133
-1	-0.0218001
-1	0.104402
-1	0.0277004
-1	-0.0531046
-1	-0.0477243
-1	0.0479599
-1	0.0360655
-1	-0.0243683
-1	0.149143
-1	-0.0927562
-1	0.100787
-1	0.0335136
-1	0.221712
-1	0.222906
-1	0.0271264
-1	0.0836844
-1	0.23757
-1	0.0103238
-1	0.160294
-1	-0.156442
-1	0.100253
-1	0.0960755
-1	0.141306
-1	0.057117
-1	0.0300519
-1	-0.146188
-1	-0.0239487
-1	0.0889997
-1	0.0317996
-1	-0.0028857
-1	0.0753716
-1	0.0636722
-1	0.318136
-1	-0.0155251
-1	-0.0100849
-1	0.218355
-1	-0.0972598
-1	0.162719
-1	0.0251526
-1	-0.0136573
-1	0.135537
-1	0.0166238
-1	0.196727
-1	-0.0151247
-1	-0.0110622
-1	-0.0112353
-1	0.155123
-1	0.0613839
-1	-0.0529355
-1	0.180103
-1	-0.0139551
-1	-0.153597
-1	0.241978
-1	0.204122
-1	-0.00773311
-1	-0.00363894
-1	0.0957416
-1	0.0805732
-1	-0.133377
-1	-0.0161126
-1	-0.0452334
-1	0.122668
-1	0.0688526
-1	0.0908136
-1	0.0946173
-1	0.0164706
-1	-0.0621372
-1	0.319884
-1	-0.00571622
-1	-0.136678
-1	0.0603076
-1	0.0296927
-1	-0.0304278
-1	-0.00907678
-1	-0.0450139
-1	0.208166
-1	0.0595232
-1	0.0848641
-1	0.00510418
-1	0.0449346
-1	0.084148
-1	0.106381
-1	0.176486
-1	0.0364677
-1	0.177965
-1	0.108872
-1	0.117497
-1	-0.0731621
-1	0.13672
-1	0.0661558
-1	0.104485
-1	-0.0636443
-1	-0.067645
-1	0.155465
-1	-0.0582361
-1	0.130513
-1	0.187484
-1	0.0803669
-1	-0.071726
-1	-0.13035
-1	0.120084
-1	0.0881704
-1	-0.121664
-1	0.158633
-1	0.00452233
-1	0.0301035
-1	0.0126333
-1	0.0524371
-1	0.044962
-1	0.0528602
-1	0.0841737
-1	0.0302387
-1	-0.00174182
-1	0.0486703
-1	-0.0382202
-1	0.0367335
-1	-0.116427
-1	0.0426162
-1	0.161755
-1	0.120113
-1	0.011083
-1	-0.0470404
-1	-0.0270662
-1	0.0127855
-1	0.0618567
-1	-0.0270807
-1	0.0582608
-1	0.147273
-1	0.111977
-1	0.144664
-1	0.145425
-1	-0.114313
-1	-0.0182871
-1	0.126425
-1	0.178086
-1	0.0599027
-1	0.0112015
-1	0.214793
-1	0.00110477
-1	-0.013072
-1	0.1286
-1	0.0291202
-1	-0.0193082
-1	0.184669
-1	-0.0239644
-1	0.0718681
-1	-0.0232122
-1	-0.152612
-1	-0.0821082
-1	0.117369
-1	0.0410228
-1	0.168492
-1	-0.0461103
-1	-0.0257336
-1	-0.0640968
-1	0.144352
-1	-0.106962
-1	0.0819099
-1	-0.120132
-1	-0.0763965
-1	0.0154718
-1	0.170608
-1	0.0378492
-1	0.118865
-1	0.12862
-1	0.0860108
-1	-0.0831902
-1	-0.0354911
-1	0.0850887
-1	0.0772382
-1	0.0301823
-1	0.0643401
-1	0.18642
-1	-0.0766373
-1	-0.0561137
-1	0.0911895
-1	0.232483
-1	0.201849
-1	0.148496
-1	0.0378937
-1	0.0781177
-1	0.0738593
-1	0.0966531
-1	0.10243
-1	0.0511273
-1	0.0448701
-1	0.0768734
-1	0.122325
-1	-0.115101
-1	-0.0725122
-1	-0.0265164
-1	-0.000163943
-1	0.151108
-1	0.116788
-1	0.170393
-1	0.0379595
-1	-0.00259015
-1	-0.134608
-1	0.0129635
-1	0.128743
-1	0.1424
-1	0.0715305
-1	0.0423507
-1	0.212298
-1	0.200794
-1	0.155213
-1	0.0724287
-1	0.00754558
-1	0.150908
-1	-0.0435381
-1	0.112471
-1	0.289765
-1	-0.0530015
-1	-0.0293038
-1	0.126508
-1	-0.131295
-1	0.252449
-1	-0.0695125
-1	-0.00706013
-1	0.15176
-1	0.0497928
-1	0.0575669
-1	-0.0716663
-1	0.0846915
-1	-0.0279343
-1	0.13314
-1	0.0216945
-1	0.121767
-1	0.0567452
-1	0.0781653
-1	-0.116699
-1	-0.116247
-1	0.0680284
-1	0.00584388
-1	0.162302
-1	0.0302636
-1	0.00626391
-1	0.00436354
-1	0.245367
-1	0.16964
-1	0.132896
-1	0.0631144
-1	-0.135708
-1	-0.033753
-1	0.0661209
-1	-0.0315209
-1	0.101404
-1	-0.0847147
-1	0.0167579
-1	0.167883
-1	0.176662
-1	0.129182
-1	0.0935279
-1	-0.0244531
-1	-0.0116216
-1	0.0590696
-1	-0.0354006
-1	-0.00350874
-1	0.160385
-1	-0.0390685
-1	-0.0324235
-1	0.0449678
-1	-0.146108
-1	-0.170119
-1	0.0413433
-1	0.0445652
-1	0.0829534
-1	-0.00144643
-1	0.226282
-1	-0.156408
-1	0.0103974
-1	0.0877329
-1	-0.0117102
-1	-0.0190312
-1	0.0410788
-1	0.117422
-1	-0.0264623
-1	0.0695711
-1	0.00171584
1	0.727904
1	0.578271
1	0.640486
1	0.677441
1	0.527923
1	0.694904
1	0.525538
1	0.689266
1	0.66757
1	0.588184
1	0.649896
1	0.547381
1	0.676995
1	0.678948
1	0.545542
1	0.568181
1	0.66473
1	0.640422
1	0.451185
1	0.665171
1	0.59397
1	0.786503
1	0.616831
1	0.502503
1	0.578422
1	0.521756
1	0.425772
1	0.514666
1	0.632225
1	0.717827
1	0.658377
1	0.745635
1	0.651171
1	0.221147
1	0.26695
1	0.857623
1	0.496082
1	0.304222
1	0.35912
1	0.485346
1	0.549778
1	0.430393
1	0.708041
1	0.548565
1	0.501587
1	0.605535
1	0.649683
1	0.726903
1	0.737306
1	0.618186
1	0.837981
1	0.647798
1	0.62576
1	0.697551
1	0.677441
1	0.649436
1	0.543574
1	0.765679
1	0.763694
1	0.526827
1	0.586742
1	0.587079
1	0.759114
1	0.467348
1	0.552964
1	0.680115
1	0.844917
1	0.471858
1	0.606223
1	0.492817
1	0.789564
1	0.588661
1	0.645516
1	0.695369
1	0.815703
1	0.627808
1	0.707482
1	0.73805
1	0.662041
1	0.70293
1	0.822083
1	0.523875
1	0.611187
1	0.499691
1	0.544432
1	0.61722
1	0.626707
1	0.640076
1	0.647764
1	0.562318
1	0.573872
1	0.496196
1	0.556053
1	0.630814
1	0.846486
1	0.659188
1	0.534849
1	0.52673
1	0.224102
1	0.555082
1	0.57124
1	0.674837
1	0.602446
1	0.648154
1	0.464905
1	0.492658
1	0.593225
1	0.497353
1	0.565247
1	0.634136
1	0.629381
1	0.684471
1	0.730788
1	0.76755
1	0.82016
1	0.754737
1	0.779187
1	0.783618
1	0.751526
1	0.638516
1	0.405594
1	0.392704
1	0.430322
1	0.619322
1	0.775071
1	0.788999
1	0.808663
1	0.721843
1	0.776313
1	0.86008
1	0.852007
1	0.808902
1	0.803103
1	0.588062
1	0.635402
1	0.63732
1	0.561393
1	0.465889
1	0.565984
1	0.509199
1	0.731725
1	0.506677
1	0.492305
1	0.708007
1	0.546818
1	0.548038
1	0.633224
1	0.6525
1	0.772612
1	0.668261
1	0.111901
1	0.224963
1	0.459404
1	0.622184
1	0.757999
1	0.675046
1	0.609913
1	0.715194
1	0.440701
1	0.699388
1	0.702415
1	0.817512
1	0.66469
1	0.75701
1	0.43359
1	0.577757
1	0.700242
1	0.774878
1	0.733465
1	0.749054
1	0.747382
1	0.777293
1	0.806406
1	0.528869
1	0.692883
1	0.527765
1	0.648679
1	0.616915
1	0.68181
1	0.766775
1	0.617608
1	0.577997
1	0.580064
1	0.127817
1	0.342344
1	0.574524
1	0.642024
1	0.462606
1	0.732977
1	0.636228
1	0.440438
1	0.604976
1	0.690994
1	0.541961
1	0.509024
1	0.589645
1	0.550614
1	0.536722
1	0.49377
1	0.512867
1	0.420267
1	0.600573
1	0.733103
1	0.772671
1	0.67806
1	0.557961
1	0.538319
1	0.656018
1	0.702411
1	0.239693
1	0.909328
1	0.846257
1	0.678846
1	0.842218
1	0.631078
1	0.562422
1	0.48731
1	0.601826
1	0.630317
1	0.799633
1	0.839082
1	0.792203
1	0.777789
1	0.566056
1	0.687683
1	0.610875
1	0.816589
1	0.504698
1	0.296684
1	0.649399
1	0.463513
1	0.646317
1	0.622542
1	0.684384
1	0.555783
1	0.721038
1	0.778151
1	0.741751
1	0.752073
1	0.678603
1	0.753122
1	0.665867
1	0.765972
1	0.727592
1	0.398635
1	0.718693
1	0.665951
1	0.562655
1	0.575889
1	0.525036
1	0.586645
1	0.796305
1	0.626491
1	0.650294
1	0.695807
1	0.667227
1	0.62373
1	0.779319
1	0.542881
1	0.432138
1	0.65692
1	0.347696
1	0.574695
1	0.734359
1	0.802766
1	0.628493
1	0.556198
1	0.640338
1	0.612596
1	0.457446
1	0.445933
1	0.745817
1	0.503916
1	0.377859
1	0.254145
1	0.43872
1	0.379509
1	0.482961
1	0.603264
1	0.779599
1	0.491121
1	0.862941
1	0.839463
1	0.483775
1	0.665802
1	0.678213
1	0.760121
1	0.785831
1	0.77175
1	0.684266
1	0.630437
1	0.663425
1	0.652843
1	0.781362
1	0.751961
1	0.771238
1	0.701438
1	0.766684
1	0.130324
1	0.664155
-1	0.0560635
-1	0.0443002
-1	-0.000118787
-1	0.0827495
-1	0.126043
-1	-0.0287943
-1	0.0767681
-1	0.161557
-1	0.0769939
-1	-0.0193092
-1	0.353068
-1	0.0310079
-1	-0.0398027
-1	0.100635
-1	0.0814067
-1	0.22463
-1	0.128786
-1	0.0128582
-1	-0.0185318
-1	0.167933
-1	-0.0125722
-1	-0.0578012
-1	0.0840977
-1	0.0850159
-1	0.00543931
-1	0.0766112
-1	0.0411451
-1	0.0498889
-1	0.149377
-1	0.0228316
-1	-0.0402763
-1	0.0298856
-1	-0.130465
-1	-0.0369873
-1	0.0774403
-1	-0.00495474
-1	0.09188
-1	0.104563
-1	0.0574813
-1	0.147214
-1	0.123423
-1	-0.0136556
-1	-0.0209086
-1	0.0371717
-1	-0.0293957
-1	-0.116184
-1	0.288971
-1	0.0942927
-1	0.0897605
-1	0.026273
-1	0.0225626
-1	-0.0274324
-1	0.0107754
-1	0.0548204
-1	-0.0175998
-1	0.0580357
-1	0.0834871
-1	-0.0570338
-1	0.297937
-1	0.105759
-1	0.11312
-1	0.166024
-1	0.143239
-1	0.0333255
-1	-0.0922179
-1	0.0848886
-1	-0.0199411
-1	0.0417614
-1	0.00929944
-1	-0.0454192
-1	-0.0592517
-1	0.171366
-1	0.156108
-1	0.163093
-1	0.205376
-1	-0.0511226
-1	0.0347003
-1	0.0748382
-1	0.205007
-1	0.230442
-1	-0.128279
-1	-0.165161
-1	-0.02096
-1	0.0727984
-1	-0.0447429
-1	-0.0111486
-1	-0.023277
-1	-0.0697589
-1	-0.0916083
-1	0.0255032
-1	-0.121785
-1	0.193068
-1	0.111713
-1	0.104936
-1	0.00424667
-1	-0.0245944
-1	0.178693
-1	0.0812541
-1	0.00839261
-1	0.0392949
-1	-0.0575066
-1	0.223691
-1	0.0025037
-1	0.0201425
-1	-0.0241536
-1	0.0788546
-1	0.197452
-1	0.0607017
-1	0.00448949
-1	0.0321409
-1	-0.0659039
-1	0.0797073
-1	0.0588348
-1	0.0463314
-1	0.247815
-1	0.129157
-1	0.132767
-1	0.0300529
-1	0.11384
-1	0.114131
-1	0.0343471
-1	0.0226544
-1	0.205768
-1	0.0202329
-1	0.152534
-1	-0.0247791
-1	-0.0330708
-1	-0.066743
-1	-0.0669564
-1	-0.0795739
-1	0.122831
-1	-0.0952307
-1	0.0233738
-1	0.111158
-1	0.138417
-1	0.145558
-1	-0.0589792
-1	-0.11134
-1	0.0811286
-1	0.165297
-1	-0.113288
-1	-0.026142
-1	0.126888
-1	0.0735817
-1	-0.0241668
-1	0.0858987
-1	0.0289426
-1	-0.0522919
-1	0.237917
-1	0.00943259
-1	0.0355237
-1	0.115294
-1	-0.0612445
-1	-0.0252929
-1	0.0735535
-1	0.12902
-1	0.0871948
-1	0.0530566
-1	0.189215
-1	-0.0129341
-1	0.13709
-1	-0.0344385
-1	0.0433698
-1	0.0563297
-1	0.098327
-1	-0.0599502
-1	0.232006
-1	0.0649306
-1	-0.0663426
-1	0.0845439
-1	-0.051775
-1	0.12871
-1	0.209377
-1	0.148474
-1	0.00827177
-1	-0.0842675
-1	-0.047352
-1	0.125697
-1	0.0269485
-1	0.0304042
-1	0.0342714
-1	0.0697897
-1	-0.050756
-1	0.0347086
-1	0.249693
-1	-0.0289966
-1	0.0708544
-1	0.0877576
-1	0.062803
-1	0.052177
-1	0.0476255
-1	0.0867801
-1	0.110365
-1	0.036752
-1	0.111051
-1	0.086537
-1	0.0648575
-1	0.156705
-1	0.178449
-1	-0.00378352
-1	-0.128813
-1	-0.00249343
-1	-0.0644022
-1	0.163538
-1	-0.068902
-1	0.246424
-1	0.0404566
-1	-0.0780256
-1	-0.00639418
-1	0.124912
-1	0.0284984
-1	-0.00487453
-1	0.117837
-1	-0.0504207
-1	0.133749
-1	-0.0684575
-1	-0.017664
-1	0.114887
-1	0.0146504
-1	0.0076645
-1	-0.0454795
-1	0.180636
-1	-0.123076
-1	-0.109201
-1	0.136554
-1	0.0131973
-1	-0.00371228
-1	0.04856
-1	-0.0550643
-1	0.0823177
-1	-0.167885
-1	-0.0377601
-1	-0.15598
-1	-0.0279781
-1	-0.0996241
-1	0.225627
-1	0.0351906
-1	0.0147126
-1	-0.04711
-1	-0.0643456
-1	0.0750515
-1	0.0111768
-1	0.00535751
-1	0.0278106
-1	0.149649
-1	0.00142734
-1	0.238015
-1	0.210302
-1	0.0938407
-1	-0.0581649
-1	0.157112
-1	-0.0329115
-1	0.190731
-1	-0.0373025
-1	-0.0114952
-1	0.0621961
-1	0.00869418
-1	-0.0931222
-1	0.0416438
-1	0.210739
-1	0.00337464
-1	0.0254412
-1	0.114947
-1	0.333574
-1	0.00108703
-1	0.147615
-1	-0.0463497
-1	0.113203
-1	0.103306
-1	-0.0870526
-1	-0.0335867
-1	0.000642522
-1	0.1591
-1	-0.118931
-1	0.20101
-1	-0.0334275
-1	0.185003
-1	0.0622049
-1	-0.0931769
-1	0.0695845
-1	-0.0589973
-1	0.171982
-1	0.112632
-1	0.150799
-1	0.158489
-1	0.0710944
-1	-0.0410465
-1	0.00565182
-1	-0.0768871
-1	0.0101097
-1	0.0626433
-1	0.00207478
-1	-0.030872
-1	-0.11326
-1	0.107392
-1	0.0439635
-1	0.173746
-1	-0.0185612
-1	-0.00399357
-1	0.034268
1	0.522482
1	0.585256
1	0.62054
1	0.674802
1	0.699926
1	0.794645
1	0.664829
1	0.703948
1	0.677323
1	0.698897
1	0.636031
1	0.544428
1	0.604131
1	0.469293
1	0.802405
1	0.548717
1	0.580665
1	0.545842
1	0.807874
1	0.778084
1	0.341367
1	0.640865
1	0.887809
1	0.616743
1	0.683532
1	0.51992
1	0.69582
1	0.586686
1	0.481549
1	0.749676
1	0.453604
1	0.613818
1	0.660037
1	0.765665
1	0.694285
1	0.691937
1	0.704312
1	0.545085
1	0.649111
1	0.644023
1	0.642534
1	0.703727
1	0.83231
1	0.738902
1	0.596517
1	0.501576
1	0.700866
1	0.543021
1	0.511968
1	0.712045
1	0.807746
1	0.596122
1	0.785198
1	0.700711
1	0.653415
1	0.712314
1	0.77902
1	0.573146
1	0.555708
1	0.54406
1	0.669978
1	0.643057
1	0.626508
1	0.593561
1	0.538203
1	0.586684
1	0.804257
1	0.670892
1	0.439309
1	0.577779
1	0.552045
1	0.593781
1	0.600515
1	0.474539
1	0.600723
1	0.584909
1	0.731337
1	0.5819
1	0.754287
1	0.756499
1	0.771568
1	0.467138
1	0.589261
1	0.364477
1	0.65783
1	0.522488
1	0.629471
1	0.844717
1	0.82978
1	0.616324
1	0.746097
1	0.535161
1	0.712765
1	0.48285
1	0.661444
1	0.76154
1	0.633154
1	0.521909
1	0.446606
1	0.697976
1	0.754912
1	0.483362
1	0.524929
1	0.58359
1	0.554816
1	0.425951
1	0.553659
1	0.690897
1	0.690399
1	0.496795
1	0.556872
1	0.514383
1	0.49403
1	0.476987
1	0.650998
1	0.509655
1	0.721749
1	0.672249
1	0.549705
1	0.691205
1	0.614263
1	0.587475
1	0.691816
1	0.761003
1	0.752671
1	0.775076
1	0.634088
1	0.617236
1	0.556687
1	0.791468
1	0.659593
1	0.776927
1	0.548165
1	0.782508
1	0.786487
1	0.683723
1	0.612835
1	0.676001
1	0.64671
1	0.488301
1	0.622359
1	0.54786
1	0.569793
1	0.653377
1	0.522431
1	0.625864
1	0.793715
1	0.626074
1	0.668361
1	0.692204
1	0.560622
1	0.696924
1	0.636969
1	0.785703
1	0.444338
1	0.393719
1	0.577963
1	0.481296
1	0.799195
1	0.482321
1	0.391861
1	0.81665
1	0.775175
1	0.803873
1	0.615409
1	0.386225
1	0.639833
1	0.474192
1	0.538063
1	0.702743
1	0.670792
1	0.555729
1	0.539407
1	0.577596
1	0.746472
1	0.795038
1	0.652604
1	0.74779
1	0.766092
1	0.457274
1	0.622223
1	0.607233
1	0.51986
1	0.457572
1	0.619227
1	0.354522
1	0.302834
1	0.615122
1	0.675544
1	0.740693
1	0.664229
1	0.708021
1	0.579611
1	0.58033
1	0.670107
1	0.698002
1	0.821254
1	0.562044
1	0.57055
1	0.566512
1	0.562156
1	0.415239
1	0.705287
1	0.69721
1	0.869814
1	0.838651
1	0.706134
1	0.612602
1	0.644938
1	0.65697
1	0.526487
1	0.542654
1	0.671162
1	0.608265
1	0.931912
1	0.941811
1	0.893162
1	0.853678
1	0.681251
1	0.58195
1	0.695991
1	0.735359
1	0.650651
1	0.681414
1	0.557141
1	0.436466
1	0.539024
1	0.578343
1	0.785528
1	0.500334
1	0.859139
1	0.78608
1	0.65815
1	0.658302
1	0.873581
1	0.709992
1	0.782335
1	0.627913
1	0.621828
1	0.672996
1	0.719146
1	0.755006
1	0.762538
1	0.646168
1	0.787435
1	0.840131
1	0.544437
1	0.616896
1	0.883896
1	0.885006
1	0.725872
1	0.665522
1	0.705362
1	0.573141
1	0.464663
1	0.648279
1	0.649672
1	0.464221
1	0.584701
1	0.472902
1	0.542999
1	0.749513
1	0.735126
1	0.770094
1	0.754648
1	0.500952
1	0.532791
1	0.427412
1	0.455021
1	0.390385
1	0.532785
1	0.458389
1	0.759041
1	0.589792
1	0.669334
1	0.650269
1	0.695075
1	0.868921
1	0.721952
1	0.726489
1	0.732678
1	0.616811
1	0.524142
1	0.848156
1	0.514796
1	0.766596
1	0.608259
1	0.67093
1	0.59398
1	0.600732
1	0.589264
1	0.65816
1	0.699174
1	0.503235
1	0.512545
1	0.41956
1	0.74319
1	0.718564
1	0.75422
1	0.734027
-1	-0.326061
-1	0.202816
-1	0.0693793
-1	0.14693
-1	-0.0121657
-1	0.0460539
-1	0.112246
-1	0.154642
-1	-0.155976
-1	-0.0426046
-1	0.0950301
-1	0.0707811
-1	0.0717135
-1	0.159169
-1	-0.0879462
-1	-0.0563601
-1	0.187469
-1	0.195906
-1	-0.0114926
-1	-0.106877
-1	0.0821635
-1	-0.202951
-1	0.261828
-1	0.245718
-1	0.0257557
-1	0.0949451
-1	0.0655581
-1	0.082367
-1	0.0918199
-1	0.0344971
-1	-0.0851669
-1	0.025461
-1	0.256217
-1	-0.0447209
-1	0.321299
-1	0.148757
-1	-0.0196139
-1	0.144451
-1	0.0658068
-1	0.177348
-1	0.116483
-1	-0.136309
-1	0.102177
-1	-0.0387822
-1	0.241125
-1	0.130567
-1	0.138333
-1	0.0410825
-1	-0.0655328
-1	0.0827791
-1	0.225081
-1	-0.0184491
-1	0.157974
-1	0.0798993
-1	0.0486504
-1	-0.0367516
-1	0.00278078
-1	-0.0388587
-1	0.0792786
-1	0.112197
-1	0.138755
-1	0.0831778
-1	-0.160073
-1	-0.0635874
-1	0.0822695
-1	-0.0410666
-1	0.0297245
-1	0.10774
-1	0.0229422
-1	0.157067
-1	-0.0761099
-1	-0.0643462
-1	0.129755
-1	-0.0822197
-1	0.0873189
-1	-0.019055
-1	0.053678
-1	0.0506962
-1	0.150351
-1	-0.151635
-1	0.0136449
-1	0.193508
-1	0.0546962
-1	-0.0550889
-1	0.124604
-1	0.063515
-1	0.0736801
-1	0.110505
-1	-0.0318717
-1	0.088388
-1	0.0959747
-1	-0.0627354
-1	-0.0757392
-1	0.0520844
-1	0.00932483
-1	0.179285
-1	-0.049874
-1	-0.152609
-1	0.166638
-1	0.0864338
-1	-0.135243
-1	-0.105344
-1	0.0729737
-1	0.0720703
-1	-0.0843654
-1	0.0727003
-1	0.012225
-1	0.0683937
-1	-0.0126644
-1	0.0522462
-1	-0.104978
-1	-0.209844
-1	0.200959
-1	-0.116996
-1	0.104092
-1	0.0814758
-1	0.268256
-1	0.00236977
-1	0.142503
-1	0.035013
-1	0.256537
-1	0.196407
-1	0.159481
-1	-0.0255011
-1	0.123918
-1	0.0579723
-1	0.0683667
-1	0.0592284
-1	0.041608
-1	0.149811
-1	-0.0388782
-1	0.220811
-1	0.11365
-1	-0.00516818
-1	-0.0242286
-1	0.0811484
-1	-0.237633
-1	-0.0116972
-1	0.0175619
-1	0.136736
-1	0.11743
-1	-0.0738591
-1	-0.0571758
-1	0.0839952
-1	0.19838
-1	0.0898609
-1	0.0567585
-1	-0.0290749
-1	0.0667487
-1	-0.0522701
-1	-0.0999735
-1	-0.103382
-1	0.0391484
-1	0.0411566
-1	0.20443
-1	-0.117481
-1	0.000330589
-1	0.0320337
-1	-0.0478863
-1	0.0501907
-1	0.025603
-1	0.0979574
-1	0.0639345
-1	0.126384
-1	-0.0048692
-1	-0.0280953
-1	0.0154616
-1	0.0957047
-1	-0.028505
-1	-0.0615802
-1	-0.121411
-1	0.0321069
-1	-0.0898814
-1	-0.00951993
-1	0.160826
-1	0.00679094
-1	-0.0205203
-1	0.120296
-1	0.0617045
-1	0.000915555
-1	-0.145706
-1	0.0525044
-1	-0.0498116
-1	0.0582903
-1	-0.0816004
-1	0.00565076
-1	-0.0852657
-1	-0.0139123
-1	0.0776802
-1	0.116304
-1	0.0879976
-1	0.141221
-1	0.102996
-1	-0.0785418
-1	0.236326
-1	0.0765368
-1	0.0138941
-1	-0.0900325
-1	-0.00298198
-1	0.00847975
-1	-0.0222044
-1	-0.0288783
-1	0.250418
-1	0.102822
-1	0.0455289
-1	-0.0213184
-1	0.126078
-1	-0.0929601
-1	0.0781411
-1	0.0608283
-1	-0.174833
-1	-0.125898
-1	-0.0723722
-1	-0.041839
-1	0.0780402
-1	0.115947
-1	0.113219
-1	0.00486957
-1	0.134962
-1	0.0445784
-1	-0.0749822
-1	0.257741
-1	0.15939
-1	0.0169072
-1	0.0437562
-1	-0.00280059
-1	0.0853093
-1	0.100888
-1	0.0876599
-1	0.0414213
-1	-0.129635
-1	0.21586
-1	0.0831029
-1	-0.0569914
-1	0.178609
-1	0.0619468
-1	0.0518345
-1	0.125529
-1	-0.160007
-1	0.0829334
-1	0.0435216
-1	0.312295
-1	0.0111499
-1	0.202228
-1	0.0749778
-1	0.123618
-1	0.0483351
-1	-0.183754
-1	-0.146005
-1	0.0247388
-1	-0.112704
-1	-0.016922
-1	0.0644246
-1	-0.026783
-1	-0.0190029
-1	0.105117
-1	0.0593482
-1	-0.0710351
-1	0.198187
-1	-0.0138591
-1	0.0266573
-1	0.160677
-1	0.0108338
-1	-0.00553195
-1	-0.0473575
-1	-0.0826762
-1	-0.0417453
-1	0.0711644
-1	0.243141
-1	-0.0798585
-1	0.261115
-1	0.095937
-1	-0.00954949
-1	0.074289
-1	0.107926
-1	0.184024
-1	0.0737902
-1	0.135523
-1	-0.0560089
-1	0.153762
-1	0.102773
-1	0.0200855
-1	0.0837591
-1	-0.0463814
-1	0.0331385
-1	0.0311002
-1	0.0579214
-1	0.00789803
-1	0.0135826
-1	0.213124
-1	-0.0725159
-1	0.0582438
-1	-0.117771
-1	-0.00363287
-1	0.104964
-1	0.280781
-1	0.004119
-1	0.103272
-1	0.105181
-1	-0.00946743
1	0.339576
1	0.428504
1	0.623132
1	0.69974
1	0.532021
1	0.574917
1	0.61505
1	0.485851
1	0.672994
1	0.823234
1	0.619018
1	0.682647
1	0.619304
1	0.543455
1	0.579629
1	0.635699
1	0.354714
1	0.774497
1	0.541481
1	0.604737
1	0.707593
1	0.737253
1	0.800143
1	0.762976
1	0.497456
1	0.712668
1	0.691036
1	0.465163
1	0.622206
1	0.525716
1	0.683851
1	0.723099
1	0.746586
1	0.351972
1	0.526414
1	0.690652
1	0.693363
1	0.707096
1	0.727108
1	0.245775
1	0.406707
1	0.0640736
1	0.59121
1	0.597754
1	0.752577
1	0.696704
1	0.798254
1	0.281938
1	0.738889
1	0.686841
1	0.682303
1	0.213375
1	0.637979
1	0.468434
1	0.636478
1	0.638469
1	0.75741
1	0.752664
1	0.553067
1	0.872865
1	0.846087
1	0.59499
1	0.619169
1	0.610888
1	0.556864
1	0.716502
1	0.753839
1	0.761103
1	0.814815
1	0.627695
1	0.745263
1	0.688869
1	0.420355
1	0.561351
1	0.703412
1	0.758053
1	0.795169
1	0.816868
1	0.622913
1	0.559886
1	0.718638
1	0.805539
1	0.650872
1	0.829796
1	0.783407
1	0.613968
1	0.692538
1	0.744016
1	0.759401
1	0.466479
1	0.684479
1	0.668083
1	0.781873
1	0.216761
1	0.643978
1	0.697841
1	0.598776
1	0.669236
1	0.683325
1	0.784253
1	0.602049
1	0.619448
1	0.650686
1	0.70975
1	0.696506
1	0.75178
1	0.83607
1	0.687966
1	0.505572
1	0.610426
1	0.451366
1	0.528286
1	0.64423
1	0.642745
1	0.650323
1	0.788859
1	0.691351
1	0.738802
1	0.854438
1	0.645832
1	0.721444
1	0.72056
1	0.778152
1	0.701734
1	0.656972
1	0.731668
1	0.4795
1	0.848071
1	0.749573
1	0.613612
1	0.652588
1	0.717382
1	0.748486
1	0.634482
1	0.463445
1	0.603325
1	0.327481
1	0.740553
1	0.797941
1	0.808387
1	0.728289
1	0.519069
1	0.521146
1	0.646359
1	0.649611
1	0.743472
1	0.754413
1	0.699327
1	0.788723
1	0.735402
1	0.534689
1	0.59526
1	0.559225
1	0.613151
1	0.644424
1	0.740583
1	0.563216
1	0.794739
1	0.808
1	0.855643
1	0.714233
1	0.58104
1	0.575866
1	0.655118
1	0.546873
1	0.236915
1	0.694231
1	0.704568
1	0.653482
1	0.734314
1	0.696953
1	0.369171
1	0.591145
1	0.757038
1	0.725762
1	0.477208
1	0.679746
1	0.580467
1	0.656458
1	0.426629
1	0.522289
1	0.328509
1	0.604119
1	0.667639
1	0.515218
1	0.792402
1	0.820057
1	0.596032
1	0.531576
1	0.496698
1	0.709112
1	0.328927
1	0.615228
1	0.636312
1	0.701002
1	0.431875
1	0.529433
1	0.374683
1	0.673801
1	0.871362
1	0.498702
1	0.751248
1	0.551872
1	0.461584
1	0.63377
1	0.507202
1	0.671993
1	0.673157
1	0.677482
1	0.62233
1	0.613844
1	0.650209
1	0.591965
1	0.614545
1	0.749488
1	0.579785
1	0.649801
1	0.674156
1	0.719042
1	0.576851
1	0.853545
1	0.683649
1	0.745848
1	0.691679
1	0.754864
1	0.739788
1	0.625107
1	0.608657
1	0.608735
1	0.502879
1	0.536509
1	0.715953
1	0.784597
1	0.729077
1	0.739214
1	0.754705
1	0.687176
1	0.670723
1	0.781871
1	0.779607
1	0.678032
1	0.607424
1	0.733871
1	0.78231
1	0.498151
1	0.542807
1	0.746527
1	0.696207
1	0.68905
1	0.612371
1	0.48944
1	0.609666
1	0.747469
1	0.790564
1	0.857296
1	0.907576
1	0.804863
1	0.456203
1	0.675382
1	0.750683
1	0.774766
1	0.871971
1	0.487574
1	0.79262
1	0.479082
1	0.645566
1	0.620076
1	0.358707
1	0.672653
1	0.720221
1	0.638836
1	0.444657
1	0.251807
1	0.664891
1	0.652641
1	0.669432
1	0.551719
1	0.811899
1	0.540727
1	0.758953
1	0.528905
1	0.493582
1	0.509677
1	0.66146
1	0.548327
1	0.380975
1	0.49776
1	0.615061
1	0.743368
1	0.432964
1	0.570775
1	0.110076
1	0.0436802
1	0.540863
1	0.773091
1	0.598773
1	0.727479
1	0.584277
1	0.572593
1	0.700565
-1	0.112255
-1	0.0490127
-1	0.0446555
-1	0.056625
-1	0.149311
-1	0.0453055
-1	0.0417421
-1	0.213596
-1	-0.019248
-1	0.0425477
-1	-0.0528581
-1	0.222682
-1	0.0653185
-1	0.121565
-1	0.132736
-1	0.0853154
-1	0.0361718
-1	0.0727384
-1	-0.0142279
-1	-0.047694
-1	0.0205986
-1	0.0686439
-1	0.000176016
-1	0.223585
-1	0.0186705
-1	0.150289
-1	-0.000847093
-1	0.156924
-1	0.0843051
-1	-0.00546409
-1	0.147115
-1	0.132125
-1	0.0401179
-1	0.0684026
-1	0.189875
-1	0.0361266
-1	0.100401
-1	0.091079
-1	0.103809
-1	0.0612088
-1	0.250268
-1	0.201485
-1	-0.0501358
-1	0.0570173
-1	0.261037
-1	0.049799
-1	0.103009
-1	-0.0233579
-1	0.260825
-1	0.143157
-1	0.0384673
-1	0.0892205
-1	-0.018038
-1	0.0131108
-1	-0.0599066
-1	-0.211249
-1	-0.105109
-1	0.00654391
-1	0.124734
-1	0.0367492
-1	0.0459349
-1	-0.0607018
-1	0.151635
-1	-0.0362938
-1	0.246609
-1	0.199379
-1	0.00457457
-1	0.161267
-1	0.0190503
-1	-0.00294773
-1	0.12183
-1	-0.050906
-1	0.0849928
-1	0.116469
-1	0.0486519
-1	0.163658
-1	-0.00502979
-1	0.158832
-1	-0.110161
-1	0.209242
-1	0.0205765
-1	0.029246
-1	-0.0190535
-1	-0.0569499
-1	0.0154427
-1	0.0216402
-1	0.11264
-1	-0.0570724
-1	-0.00682308
-1	0.0756935
-1	-0.0651085
-1	0.239128
-1	-0.066483
-1	-0.0129459
-1	0.0563887
-1	0.0206586
-1	-0.0270634
-1	-0.0936471
-1	0.0335344
-1	0.0198101
-1	0.226712
-1	-0.0822442
-1	-0.190249
-1	0.0588085
-1	0.121462
-1	-0.113
-1	-0.0257713
-1	-0.137876
-1	0.0201361
-1	0.119671
-1	0.160995
-1	0.0424774
-1	0.125838
-1	-0.104511
-1	0.0534929
-1	0.0394655
-1	0.0740928
-1	0.0510328
-1	0.0902239
-1	-0.0269206
-1	0.113481
-1	0.0152227
-1	0.244802
-1	0.0987666
-1	0.131743
-1	0.041345
-1	0.0423176
-1	0.0262917
-1	0.186884
-1	-0.0166364
-1	-0.00580873
-1	0.0086323
-1	0.113522
-1	-0.0417675
-1	0.0658788
-1	0.165215
-1	-0.0683851
-1	0.0477772
-1	0.103361
-1	0.265017
-1	0.073453
-1	0.139258
-1	0.0350482
-1	0.0921254
-1	0.0340216
-1	-0.0175899
-1	0.0519717
-1	0.214443
-1	0.17168
-1	0.0260689
-1	0.113254
-1	0.0119653
-1	0.0145402
-1	0.0544379
-1	-0.0134437
-1	0.134156
-1	0.0924431
-1	0.197142
-1	-0.00835359
-1	0.043436
-1	0.00540801
-1	-0.167235
-1	-0.128504
-1	-0.115131
-1	0.0152394
-1	0.0909963
-1	0.197068
-1	-0.0731071
-1	-0.0310817
-1	0.146148
-1	0.0929533
-1	-0.108811
-1	-0.0495742
-1	0.152925
-1	0.0082271
-1	0.156035
-1	0.11558
-1	-0.0135361
-1	0.0605789
-1	-0.00442863
-1	0.141825
-1	-0.0456118
-1	-0.0262559
-1	0.0764858
-1	0.0180198
-1	0.152072
-1	0.195691
-1	0.0528526
-1	-0.0164464
-1	0.0903875
-1	-0.177958
-1	0.215964
-1	0.0607664
-1	-0.088829
-1	-0.104964
-1	0.0565194
-1	-0.0112703
-1	0.172278
-1	-0.0670328
-1	0.228024
-1	0.0320989
-1	0.15702
-1	0.0108201
-1	0.00925321
-1	-0.0465955
-1	0.0247044
-1	-0.134629
-1	-0.0684156
-1	-0.0182969
-1	0.0359483
-1	0.0445599
-1	-0.0694933
-1	-0.0630342
-1	0.0634676
-1	0.125058
-1	-0.00373604
-1	0.184424
-1	-0.105993
-1	0.188399
-1	-0.0466476
-1	0.159584
-1	0.186284
-1	0.0101737
-1	-0.0437104
-1	0.142504
-1	0.205139
-1	0.0773931
-1	0.11168
-1	0.0632179
-1	-0.0303992
-1	0.0292145
-1	0.0537975
-1	-0.0745716
-1	0.185935
-1	-0.166432
-1	0.0974956
-1	0.0956369
-1	-0.0676975
-1	-0.0253493
-1	0.0389431
-1	-0.136191
-1	2.87965e-05
-1	0.119484
-1	0.0257015
-1	0.156715
-1	0.0104803
-1	0.180114
-1	0.134314
-1	0.120444
-1	0.0668232
-1	0.116817
-1	0.044077
-1	0.0719906
-1	-0.0566361
-1	0.161127
-1	0.123263
-1	-0.0610223
-1	0.016447
-1	-0.0248813
-1	-0.0950111
-1	-0.0904815
-1	-0.00111583
-1	0.134149
-1	0.0588895
-1	-0.105584
-1	-0.037263
-1	-0.00621039
-1	0.0678789
-1	0.180716
-1	0.170005
-1	-0.0897553
-1	0.0153517
-1	-0.0783055
-1	0.0376984
-1	0.0732355
-1	0.168326
-1	0.110943
-1	0.154355
-1	-0.0212561
-1	-0.0604607
-1	0.225067
-1	0.0287396
-1	0.0900925
-1	-0.0138823
-1	0.0823713
-1	0.0410338
-1	0.104318
-1	0.218865
-1	0.130597
-1	0.061838
-1	0.014251
-1	-0.0458419
-1	0.074313
-1	-0.0177537
-1	0.0763673
-1	-0.0540801
-1	0.0189802
-1	-0.113345
-1	0.0373794
-1	0.363481
1	0.719688
1	0.749452
1	0.673411
1	0.792984
1	0.641254
1	0.714893
1	0.750967
1	0.603409
1	0.40996
1	0.587544
1	0.424854
1	0.650355
1	0.676767
1	0.670238
1	0.328921
1	0.646291
1	0.441567
1	0.707273
1	0.597671
1	0.562137
1	0.528023
1	0.512915
1	0.402459
1	0.48187
1	0.599601
1	0.542207
1	0.490769
1	0.686894
1	0.406752
1	0.551513
1	0.584086
1	0.679793
1	0.72414
1	0.658229
1	0.706712
1	0.472275
1	0.765141
1	0.50085
1	0.695513
1	0.699127
1	0.777506
1	0.236783
1	0.441844
1	0.608719
1	0.319924
1	0.815684
1	0.831452
1	0.703237
1	0.520857
1	0.621534
1	0.635628
1	0.593941
1	0.7332
1	0.699969
1	0.522565
1	0.58558
1	0.618952
1	0.634939
1	0.624339
1	0.564915
1	0.674122
1	0.439114
1	0.470119
1	0.559767
1	0.491903
1	0.48195
1	0.706678
1	0.474598
1	0.770478
1	0.326021
1	0.404447
1	0.69865
1	0.689091
1	0.440305
1	0.690792
1	0.686003
1	0.458566
1	0.685642
1	0.578212
1	0.602916
1	0.757286
1	0.567166
1	0.662748
1	0.588132
1	0.729153
1	0.609018
1	0.742595
1	0.45118
1	0.808079
1	0.640137
1	0.48873
1	0.46782
1	0.671961
1	0.574174
1	0.761896
1	0.550922
1	0.76002
1	0.679165
1	0.770831
1	0.679498
1	0.64573
1	0.436187
1	0.605484
1	0.527921
1	0.388946
1	0.444616
1	0.465459
1	0.700838
1	0.705496
1	0.482028
1	0.770839
1	0.708397
1	0.719071
1	0.596923
1	0.516899
1	0.601033
1	0.722358
1	0.718415
1	0.629559
1	0.649032
1	0.639642
1	0.639713
1	0.620863
1	0.67253
1	0.381056
1	0.545885
1	0.375047
1	0.682855
1	0.683457
1	0.547615
1	0.542808
1	0.689224
1	0.648281
1	0.684928
1	0.50931
1	0.542603
1	0.651265
1	0.440337
1	0.685431
1	0.312245
1	0.568727
1	0.655069
1	0.790333
1	0.742
1	0.320327
1	0.68168
1	0.679348
1	0.724339
1	0.782768
1	0.773386
1	0.695195
1	0.551165
1	0.683703
1	0.452381
1	0.374338
1	0.813023
1	0.721001
1	0.645504
1	0.717657
1	0.580738
1	0.463108
1	0.556608
1	0.727944
1	0.514881
1	0.530787
1	0.644909
1	0.680413
1	0.800048
1	0.599846
1	0.870628
1	0.50959
1	0.653316
1	0.508632
1	0.757434
1	0.425863
1	0.589058
1	0.48047
1	0.765263
1	0.749157
1	0.733063
1	0.762707
1	0.721969
1	0.632135
1	0.473179
1	0.648437
1	0.592561
1	0.567999
1	0.719253
1	0.753048
1	0.646798
1	0.702925
1	0.667766
1	0.500067
1	0.503206
1	0.533016
1	0.545657
1	0.851066
1	0.66384
1	0.715138
1	0.520533
1	0.549749
1	0.550494
1	0.644759
1	0.643873
1	0.773915
1	0.609491
1	0.51985
1	0.670009
1	0.582557
1	0.521633
1	0.502589
1	0.623693
1	0.743432
1	0.642988
1	0.669495
1	0.603016
1	0.525102
1	0.545939
1	0.830562
1	0.659937
1	0.689078
1	0.524464
1	0.67112
1	0.64558
1	0.650648
1	0.614549
1	0.575646
1	0.586209
1	0.617635
1	0.438695
1	0.558099
1	0.449349
1	0.900774
1	0.582694
1	0.653489
1	0.436799
1	0.537299
1	0.452002
1	0.378865
1	0.629995
1	0.646039
1	0.683022
1	0.742077
1	0.832331
1	0.775319
1	0.799285
1	0.754279
1	0.711254
1	0.689193
1	0.560836
1	0.737331
1	0.798555
1	0.678575
1	0.409532
1	0.794376
1	0.528304
1	0.646268
1	0.600096
1	0.700608
1	0.576896
1	0.554431
1	0.617283
1	0.745174
1	0.658472
1	0.714814
1	0.764721
1	0.774265
1	0.84208
1	0.688106
1	0.573931
1	0.717577
1	0.686887
1	0.674861
1	0.463925
1	0.569588
1	0.462706
1	0.542015
1	0.598772
1	0.623314
1	0.760294
1	0.703198
1	0.829074
1	0.699509
1	0.461932
1	0.743765
1	0.607837
1	0.662908
1	0.350862
1	0.508271
1	0.768938
1	0.63194
1	0.70552
1	0.787911
1	0.596734
1	0.552928
1	0.638729
1	0.745427
1	0.719328
1	0.686455
1	0.711699
-1	0.0671057
-1	0.111196
-1	0.0486818
-1	0.0701088
-1	0.00941347
-1	0.019768
-1	0.380452
-1	0.18028
-1	0.174713
-1	0.0112142
-1	0.0378256
-1	-0.0178576
-1	-0.0153092
-1	-0.0513217
-1	0.0667858
-1	0.0637457
-1	-0.0363626
-1	-0.0694761
-1	0.0843398
-1	0.269504
-1	-0.0341017
-1	0.163919
-1	0.072799
-1	0.031327
-1	-0.100326
-1	-0.0550251
-1	-0.199326
-1	0.177722
-1	-0.0931972
-1	0.0525416
-1	0.122481
-1	0.047083
-1	-0.00917031
-1	-0.115247
-1	0.0413874
-1	0.135463
-1	0.0276582
-1	0.033922
-1	0.0507955
-1	0.00270905
-1	0.0132271
-1	0.150364
-1	0.0571541
-1	0.00239357
-1	0.247774
-1	0.242265
-1	0.0746558
-1	0.0258094
-1	0.0139028
-1	0.137173
-1	-0.0373188
-1	-0.0482861
-1	0.136988
-1	0.00495767
-1	-0.202593
-1	-0.0181781
-1	-0.139053
-1	0.00152208
-1	0.0874737
-1	0.102507
-1	0.109156
-1	-0.0688828
-1	-0.0350969
-1	0.140629
-1	0.121359
-1	0.290817
-1	0.113729
-1	-0.0227533
-1	0.130806
-1	-0.0876318
-1	0.229416
-1	0.108409
-1	-0.202895
-1	0.168891
-1	0.197425
-1	-0.127488
-1	0.0114673
-1	-0.084478
-1	0.115021
-1	-0.000643482
-1	-0.0625474
-1	-0.0204846
-1	0.00443031
-1	0.0872978
-1	0.226745
-1	-0.129763
-1	-0.0413206
-1	0.096406
-1	-0.0410121
-1	0.036684
-1	0.0544025
-1	0.201677
-1	-0.0258233
-1	-0.0649121
-1	-0.116549
-1	0.0272832
-1	0.0689813
-1	0.0495923
-1	0.0995577
-1	-0.0528488
-1	0.135189
-1	0.0777679
-1	0.0996017
-1	0.156803
-1	-0.00246257
-1	0.0846091
-1	0.0547053
-1	0.195105
-1	0.00292106
-1	0.0880979
-1	0.00984186
-1	0.0860811
-1	0.0811198
-1	0.0297679
-1	-0.126153
-1	-0.0265633
-1	0.255489
-1	0.149637
-1	0.156734
-1	0.217011
-1	0.194927
-1	0.0758348
-1	-0.0452383
-1	0.0361155
-1	0.200059
-1	0.216896
-1	-0.0477134
-1	-0.0379864
-1	0.108827
-1	0.137359
-1	-0.0933746
-1	0.144427
-1	0.0563058
-1	0.0362076
-1	0.0651426
-1	-0.0748116
-1	-0.0688259
-1	0.0152663
-1	0.175095
-1	0.0140411
-1	-0.0513525
-1	0.0908966
-1	0.0675869
-1	0.168344
-1	-0.0415952
-1	0.0852781
-1	-0.0413041
-1	0.0650407
-1	0.127809
-1	-0.0795254
-1	-0.0097295
-1	0.0625816
-1	-0.108503
-1	-0.0947277
-1	0.0606217
-1	0.0606826
-1	-0.00675832
-1	-0.0155565
-1	0.0217722
-1	-0.0335236
-1	0.106766
-1	0.0046678
-1	0.0303256
-1	0.104227
-1	0.179966
-1	0.11857
-1	0.0448494
-1	-0.174637
-1	0.022033
-1	-0.0467303
-1	-0.0266835
-1	0.0699172
-1	0.0440512
-1	-0.170903
-1	0.0298995
-1	-0.0987333
-1	0.0925104
-1	0.100148
-1	0.0705673
-1	0.263957
-1	0.0634488
-1	-0.125872
-1	-0.00992885
-1	0.0441938
-1	0.100492
-1	-0.0144151
-1	0.0389304
-1	0.228624
-1	0.19958
-1	-0.0500448
-1	0.187021
-1	-0.0320191
-1	0.075503
-1	0.0250553
-1	0.238053
-1	-0.0813683
-1	-0.0518019
-1	0.114812
-1	0.0119451
-1	-0.0122769
-1	0.0193843
-1	0.0401065
-1	-0.00301119
-1	0.0106737
-1	0.105927
-1	-0.0257518
-1	0.0509471
-1	0.0475016
-1	0.059834
-1	0.0603388
-1	0.12432
-1	0.000141172
-1	0.0477635
-1	-0.0198201
-1	0.0552182
-1	-0.0646624
-1	0.0284254
-1	-0.091992
-1	-0.12301
-1	0.0836925
-1	-0.0136664
-1	0.146424
-1	0.162901
-1	-0.130505
-1	-0.141891
-1	-0.0891005
-1	0.015448
-1	-0.158273
-1	0.112971
-1	0.150779
-1	0.129227
-1	0.0591772
-1	0.00771814
-1	0.0386473
-1	-0.104786
-1	-0.0586531
-1	0.0176422
-1	-0.024627
-1	-0.0506285
-1	0.0732304
-1	0.0926215
-1	0.127172
-1	-0.065851
-1	0.0553656
-1	-0.0270545
-1	0.0209844
-1	-0.0732309
-1	0.236355
-1	0.0219556
-1	0.130348
-1	0.123261
-1	0.114472
-1	0.0489476
-1	0.175382
-1	-0.0193028
-1	0.0579839
-1	0.14876
-1	0.135487
-1	0.0534264
-1	-0.0743148
-1	0.0718845
-1	0.0537373
-1	0.13537
-1	0.123641
-1	0.2111
-1	0.0653443
-1	0.022951
-1	0.124995
-1	0.109554
-1	0.060571
-1	-0.043538
-1	-0.0131382
-1	0.0295674
-1	-0.00465445
-1	0.00391085
-1	0.0103984
-1	0.0462085
-1	0.00689339
-1	-0.0551774
-1	0.0274594
-1	0.0200566
-1	-0.0224754
-1	0.104864
-1	0.101131
-1	0.108001
-1	0.108353
-1	0.0638196
-1	0.257259
-1	-0.03434
-1	0.0792855
-1	0.214589
-1	0.170939
-1	-0.143602
-1	0.149416
-1	0.0218842
-1	-0.0578242
-1	0.0583061
-1	0.155659
-1	-0.0329767
-1	0.111108
1	0.594442
1	0.68531
1	0.611927
1	0.780293
1	0.6885
1	0.749673
1	0.721839
1	0.472995
1	0.623021
1	0.629546
1	0.631384
1	0.576556
1	0.715204
1	0.837391
1	0.395556
1	0.699816
1	0.607004
1	0.564074
1	0.451795
1	0.649707
1	0.595572
1	0.660384
1	0.638685
1	0.564697
1	0.675368
1	0.453704
1	0.517397
1	0.820263
1	0.754243
1	0.690507
1	0.734066
1	0.784712
1	0.837932
1	0.487728
1	0.65169
1	0.443325
1	0.598978
1	0.752594
1	0.698075
1	0.706925
1	0.590427
1	0.810747
1	0.805244
1	0.69498
1	0.718129
1	0.567936
1	0.477165
1	0.585669
1	0.606142
1	0.454196
1	0.485013
1	0.580273
1	0.537614
1	0.62449
1	0.602265
1	0.649587
1	0.600227
1	0.596078
1	0.574052
1	0.526164
1	0.529118
1	0.745414
1	0.591086
1	0.75988
1	0.686687
1	0.707271
1	0.627421
1	0.725679
1	0.652384
1	0.44856
1	0.529489
1	0.61014
1	0.560026
1	0.425967
1	0.638776
1	0.695425
1	0.714761
1	0.687963
1	0.722216
1	0.546273
1	0.519151
1	0.410604
1	0.554597
1	0.448109
1	0.586345
1	0.527768
1	0.555634
1	0.624861
1	0.591045
1	0.587443
1	0.694515
1	0.777668
1	0.568017
1	0.611279
1	0.65022
1	0.564076
1	0.761849
1	0.867201
1	0.635093
1	0.412585
1	0.786214
1	0.554483
1	0.516679
1	0.55043
1	0.639574
1	0.559847
1	0.728458
1	0.576911
1	0.479484
1	0.567751
1	0.671822
1	0.639326
1	0.612422
1	0.459301
1	0.723596
1	0.601981
1	0.556342
1	0.407591
1	0.545562
1	0.380029
1	0.80352
1	0.770895
1	0.440969
1	0.488957
1	0.466086
1	0.758477
1	0.550399
1	0.847387
1	0.744512
1	0.536901
1	0.635255
1	0.617342
1	0.602494
1	0.64493
1	0.542455
1	0.833487
1	0.535057
1	0.502454
1	0.790041
1	0.741249
1	0.711408
1	0.622937
1	0.622449
1	0.520827
1	0.569665
1	0.604113
1	0.730724
1	0.598184
1	0.689944
1	0.723906
1	0.599891
1	0.729153
1	0.689623
1	0.554945
1	0.603226
1	0.681494
1	0.650325
1	0.692013
1	0.774704
1	0.721072
1	0.768872
1	0.532428
1	0.465408
1	0.790888
1	0.766396
1	0.658483
1	0.618631
1	0.695029
1	0.78926
1	0.564883
1	0.369086
1	0.571471
1	0.528902
1	0.48137
1	0.710427
1	0.799718
1	0.738897
1	0.715964
1	0.64208
1	0.495175
1	0.53555
1	0.885344
1	0.688863
1	0.564592
1	0.687421
1	0.689382
1	0.824867
1	0.533933
1	0.671217
1	0.730601
1	0.677771
1	0.357543
1	0.394769
1	0.484498
1	0.609587
1	0.710524
1	0.816434
1	0.750237
1	0.679337
1	0.456287
1	0.838655
1	0.596837
1	0.667865
1	0.500996
1	0.54951
1	0.595503
1	0.575719
1	0.61851
1	0.603297
1	0.41349
1	0.564967
1	0.584176
1	0.478262
1	0.776176
1	0.768734
1	0.809242
1	0.717309
1	0.646362
1	0.805712
1	0.799879
1	0.758614
1	0.692301
1	0.356336
1	0.533891
1	0.602271
1	0.600039
1	0.664843
1	0.555643
1	0.824615
1	0.652746
1	0.580665
1	0.582228
1	0.727956
1	0.831901
1	0.736018
1	0.573687
1	0.646022
1	0.627135
1	0.700655
1	0.703315
1	0.488242
1	0.66938
1	0.564112
1	0.419511
1	0.566273
1	0.741628
1	0.66806
1	0.616777
1	0.725117
1	0.584668
1	0.553444
1	0.786302
1	0.765168
1	0.789488
1	0.618214
1	0.594344
1	0.661912
1	0.667038
1	0.699255
1	0.852252
1	0.739349
1	0.829432
1	0.629176
1	0.533835
1	0.683199
1	0.527608
1	0.664216
1	0.558734
1	0.764164
1	0.582602
1	0.708951
1	0.577439
1	0.757565
1	0.768497
1	0.717059
1	0.687955
1	0.737495
1	0.786865
1	0.650931
1	0.628118
1	0.674946
1	0.577322
1	0.656294
1	0.460122
1	0.65886
1	0.424169
1	0.492154
1	0.619125
1	0.829199
1	0.676054
1	0.747071
1	0.575311
1	0.561972
1	0.74059
1	0.696086
1	0.649065
1	0.808313
1	0.669599
1	0.708099
1	0.579847
-1	-0.0853928
-1	0.0158668
-1	-0.0269217
-1	0.0175037
-1	-0.146834
-1	-0.17247
-1	0.0393221
-1	-0.083845
-1	-0.0238673
-1	-0.0318462
-1	-0.0208275
-1	0.083361
-1	-0.153584
-1	0.0604941
-1	0.110206
-1	0.0879714
-1	0.0216751
-1	0.0442414
-1	0.11059
-1	0.124064
-1	0.086714
-1	-0.0319398
-1	0.0558047
-1	0.0693601
-1	-0.164508
-1	-0.00540741
-1	-0.0422294
-1	0.0363704
-1	0.0694254
-1	-0.00050579
-1	0.0538206
-1	-0.113827
-1	-0.000871688
-1	-0.0446034
-1	0.0130161
-1	0.0894764
-1	0.100991
-1	0.143262
-1	5.56775e-05
-1	0.0946811
-1	-0.0410419
-1	0.0486162
-1	0.0285192
-1	0.0799521
-1	0.109038
-1	0.126949
-1	0.0501113
-1	-0.0599838
-1	-0.101012
-1	0.0786857
-1	0.129182
-1	0.183874
-1	0.0668105
-1	0.0834843
-1	-0.0167192
-1	-0.0587961
-1	0.303604
-1	0.0731129
-1	0.269303
-1	0.120516
-1	-0.0679986
-1	-0.0309604
-1	0.040472
-1	0.134656
-1	0.182527
-1	-0.0138965
-1	0.193125
-1	0.118231
-1	0.191434
-1	0.0934879
-1	-0.0310635
-1	0.098612
-1	0.122184
-1	0.160898
-1	0.0610876
-1	0.0496667
-1	0.196335
-1	0.0166531
-1	-0.095257
-1	0.112236
-1	0.042123
-1	0.0521541
-1	0.0730679
-1	0.136196
-1	-0.0244757
-1	0.0459447
-1	-0.0297354
-1	0.124177
-1	0.0505473
-1	0.176082
-1	0.0591647
-1	-0.16887
-1	0.174236
-1	-0.0222317
-1	0.115614
-1	0.0205161
-1	0.138378
-1	0.213927
-1	-0.0372599
-1	0.0906507
-1	-0.0593439
-1	0.032345
-1	0.0766923
-1	-0.119002
-1	-0.125588
-1	0.0132672
-1	0.0678986
-1	0.0535656
-1	0.247787
-1	0.0721397
-1	-0.0119692
-1	0.039608
-1	0.0580231
-1	-0.024842
-1	0.145883
-1	0.0586098
-1	0.253205
-1	-0.228296
-1	0.0214154
-1	0.0121759
-1	0.270986
-1	0.22468
-1	-0.102334
-1	0.173517
-1	-0.00425688
-1	0.140802
-1	-0.0420494
-1	-0.0716705
-1	0.193574
-1	0.190098
-1	0.0384696
-1	0.0189934
-1	-0.0195043
-1	-0.0560782
-1	0.0672792
-1	-0.0668388
-1	-0.00186431
-1	0.100812
-1	-0.00136514
-1	0.0865152
-1	-0.0396866
-1	-0.0371324
-1	-0.125727
-1	-0.0900784
-1	-0.0388417
-1	0.0641022
-1	-0.0928307
-1	0.190245
-1	-0.0290323
-1	0.135066
-1	0.138326
-1	0.0656363
-1	0.173697
-1	0.0299695
-1	-0.0216086
-1	0.0741946
-1	0.137481
-1	-0.0114003
-1	0.0461108
-1	-0.0964602
-1	0.080543
-1	0.0461314
-1	0.0592897
-1	0.0703593
-1	-0.0138619
-1	0.0597833
-1	0.0141676
-1	0.104297
-1	-0.0731496
-1	0.289428
-1	0.116105
-1	0.0673187
-1	0.053657
-1	-0.0115938
-1	0.244554
-1	0.063843
-1	0.111904
-1	-0.00954883
-1	0.0685981
-1	0.116245
-1	0.00540494
-1	0.131269
-1	0.195227
-1	0.0614199
-1	-0.0185522
-1	-0.0527755
-1	0.134074
-1	0.0729021
-1	0.178415
-1	0.256074
-1	0.138525
-1	-0.135781
-1	0.0186482
-1	7.76112e-05
-1	0.0415726
-1	0.1293
-1	0.143066
-1	-0.0523549
-1	-0.0965671
-1	-0.0898089
-1	-0.0167179
-1	-0.0461034
-1	0.206831
-1	0.0566084
-1	-0.00623215
-1	0.0244973
-1	0.0697554
-1	0.209823
-1	0.0646728
-1	0.0721655
-1	0.0732184
-1	-0.038192
-1	-0.00766561
-1	-0.0116957
-1	-0.012006
-1	-0.011135
-1	0.0239498
-1	0.25446
-1	0.0496165
-1	-0.0160013
-1	0.110022
-1	-0.141059
-1	0.00156843
-1	0.0175161
-1	0.0513979
-1	0.0220562
-1	-0.0803406
-1	-0.20175
-1	0.0136634
-1	0.0759532
-1	0.0549884
-1	0.0644085
-1	0.112911
-1	0.0455929
-1	0.145099
-1	0.118929
-1	-0.0373351
-1	0.16486
-1	0.16048
-1	0.0917208
-1	0.127435
-1	0.0871163
-1	0.107058
-1	0.117627
-1	0.163766
-1	-0.0098126
-1	0.103063
-1	0.182199
-1	0.0421957
-1	0.0537802
-1	0.0769472
-1	0.0730828
-1	-0.0506931
-1	0.065253
-1	0.0646638
-1	-0.086261
-1	0.0514857
-1	0.0482668
-1	0.146857
-1	0.105792
-1	-0.0114718
-1	0.0413043
-1	-0.0555387
-1	0.039034
-1	-0.0717827
-1	0.0550596
-1	0.0809786
-1	-0.105939
-1	0.0524316
-1	0.115027
-1	0.131908
-1	0.0757712
-1	0.036781
-1	0.0382703
-1	0.0853968
-1	0.0450569
-1	-0.0646786
-1	0.03188
-1	-0.0944096
-1	0.0425542
-1	0.0784138
-1	-0.103654
-1	0.152201
-1	0.00589216
-1	0.132859
-1	0.0249077
-1	0.0510695
-1	0.167956
-1	0.079734
-1	-0.147204
-1	0.0355611
-1	0.0127692
-1	0.102192
-1	-0.0648437
-1	0.00365313
-1	0.0685555
-1	-0.123605
-1	0.0103913
-1	-0.0928252
-1	0.150319
1	0.84065
1	0.685238
1	0.624547
1	0.490993
1	0.280887
1	0.527442
1	0.638823
1	0.654277
1	0.729514
1	0.830664
1	0.775104
1	0.719893
1	0.83055
1	0.617483
1	0.752022
1	0.710895
1	0.732198
1	0.780874
1	0.650678
1	0.685997
1	0.792187
1	0.831789
1	0.864361
1	0.592398
1	0.698835
1	0.586774
1	0.482599
1	0.644376
1	0.558619
1	0.518048
1	0.653429
1	0.589359
1	0.650527
1	0.68077
1	0.577753
1	0.546142
1	0.760282
1	0.621623
1	0.69272
1	0.749756
1	0.63283
1	0.668507
1	0.639184
1	0.593386
1	0.757845
1	0.501462
1	0.840754
1	0.788934
1	0.703367
1	0.459628
1	0.678878
1	0.795155
1	0.724853
1	0.584361
1	0.430834
1	0.548787
1	0.712168
1	0.709588
1	0.742968
1	0.742501
1	0.687211
1	0.609862
1	0.816545
1	0.773371
1	0.743914
1	0.650253
1	0.808486
1	0.511671
1	0.555806
1	0.507593
1	0.622593
1	0.828203
1	0.595168
1	0.65711
1	0.479546
1	0.661838
1	0.596757
1	0.501578
1	0.807155
1	0.789352
1	0.723415
1	0.63743
1	0.772611
1	0.617319
1	0.667385
1	0.861435
1	0.571111
1	0.517702
1	0.740936
1	0.64863
1	0.563833
1	0.579615
1	0.551882
1	0.64168
1	0.666013
1	0.863361
1	0.730119
1	0.671869
1	0.688269
1	0.610285
1	0.860991
1	0.687825
1	0.572203
1	0.440779
1	0.534748
1	0.67102
1	0.555252
1	0.746052
1	0.645084
1	0.644631
1	0.758607
1	0.758463
1	0.822336
1	0.783351
1	0.867992
1	0.574288
1	0.541475
1	0.808772
1	0.523192
1	0.565934
1	0.676399
1	0.688957
1	0.405738
1	0.515093
1	0.677937
1	0.576243
1	0.776615
1	0.692792
1	0.680381
1	0.522353
1	0.489467
1	0.686757
1	0.724326
1	0.89577
1	0.542901
1	0.688387
1	0.545016
1	0.458332
1	0.593444
1	0.527986
1	0.717007
1	0.603224
1	0.711479
1	0.640779
1	0.553688
1	0.655304
1	0.589434
1	0.631234
1	0.596278
1	0.631719
1	0.808951
1	0.64964
1	0.580073
1	0.793782
1	0.727641
1	0.437007
1	0.815623
1	0.728922
1	0.722962
1	0.819377
1	0.826538
1	0.706771
1	0.762856
1	0.706769
1	0.649145
1	0.707349
1	0.794936
1	0.747036
1	0.70981
1	0.682015
1	0.672125
1	0.65897
1	0.403893
1	0.481641
1	0.633872
1	0.318069
1	0.632455
1	0.627605
1	0.800969
1	0.468702
1	0.648814
1	0.760849
1	0.611844
1	0.749461
1	0.712203
1	0.793772
1	0.673772
1	0.593078
1	0.428999
1	0.706898
1	0.720489
1	0.77714
1	0.840842
1	0.556462
1	0.508708
1	0.642024
1	0.747936
1	0.661487
1	0.694986
1	0.678798
1	0.613373
1	0.596404
1	0.665713
1	0.459473
1	0.615401
1	0.655553
1	0.637819
1	0.6903
1	0.573916
1	0.767544
1	0.640168
1	0.822679
1	0.698339
1	0.734308
1	0.756312
1	0.612489
1	0.623401
1	0.605838
1	0.504329
1	0.592455
1	0.497949
1	0.478963
1	0.798248
1	0.715822
1	0.652358
1	0.619668
1	0.832879
1	0.744678
1	0.57299
1	0.818935
1	0.789822
1	0.74239
1	0.834036
1	0.827541
1	0.63494
1	0.501126
1	0.56545
1	0.447
1	0.52059
1	0.466901
1	0.704624
1	0.435858
1	0.512488
1	0.324704
1	0.452589
1	0.570385
1	0.461255
1	0.409083
1	0.717221
1	0.714395
1	0.609411
1	0.706504
1	0.749308
1	0.51666
1	0.673806
1	0.481045
1	0.551639
1	0.827907
1	0.61362
1	0.497804
1	0.757114
1	0.593962
1	0.885828
1	0.471116
1	0.511518
1	0.523868
1	0.703588
1	0.828986
1	0.729372
1	0.637823
1	0.664301
1	0.769731
1	0.662166
1	0.428822
1	0.532855
1	0.581097
1	0.777409
1	0.749902
1	0.660628
1	0.726532
1	0.30875
1	0.671877
1	0.524359
1	0.735612
1	0.434144
1	0.824375
1	0.55906
1	0.684561
1	0.586903
1	0.851812
1	0.372762
1	0.638777
1	0.62479
1	0.427902
1	0.383863
1	0.633793
1	0.769209
1	0.740713
1	0.832086
1	0.78895
-1	-0.103204
-1	-0.0203882
-1	0.244661
-1	-0.0595252
-1	-0.014987
-1	-0.00380653
-1	-0.0732388
-1	0.174589
-1	-0.153752
-1	-0.0706749
-1	-0.0428427
-1	0.0598838
-1	0.237205
-1	0.0587888
-1	0.203464
-1	-0.122095
-1	0.0235626
-1	0.0746045
-1	-0.0914186
-1	0.0567062
-1	0.0172035
-1	0.121507
-1	-0.0588047
-1	0.030867
-1	0.231825
-1	-0.10488
-1	0.065692
-1	0.173362
-1	-0.109424
-1	0.0818392
-1	0.05012
-1	-0.0506245
-1	-0.118346
-1	0.2882
-1	-0.0163684
-1	-0.0319487
-1	-0.0863233
-1	0.124245
-1	0.0491025
-1	0.126533
-1	0.0201324
-1	-0.0929621
-1	0.0431856
-1	0.275946
-1	0.231937
-1	0.205094
-1	0.0502386
-1	0.190926
-1	0.0405851
-1	0.0490323
-1	0.306205
-1	0.0635894
-1	-0.0774251
-1	0.0428778
-1	0.0401853
-1	-0.00450755
-1	-0.0257776
-1	-0.11509
-1	-0.0565305
-1	-0.0317987
-1	-0.0561516
-1	0.117867
-1	-0.114105
-1	0.0573849
-1	-0.142608
-1	-0.0595159
-1	-0.0298707
-1	-0.0709383
-1	0.0910859
-1	0.142005
-1	0.059802
-1	0.0857638
-1	0.124551
-1	-0.0770365
-1	0.189481
-1	0.149795
-1	0.0837833
-1	-0.00151814
-1	0.200167
-1	0.315584
-1	0.0221851
-1	0.0806407
-1	0.190893
-1	0.05649
-1	0.111286
-1	0.112702
-1	0.0195759
-1	-0.107177
-1	0.051193
-1	0.0929563
-1	-0.174709
-1	0.00346961
-1	0.0772909
-1	-0.0402537
-1	0.251342
-1	0.302293
-1	-0.0120555
-1	0.0671861
-1	-0.0844375
-1	0.0238649
-1	-0.140573
-1	-0.0552635
-1	-0.206452
-1	0.210364
-1	-0.0211849
-1	-0.0750723
-1	-0.124147
-1	-0.0878942
-1	0.0763687
-1	-0.0514768
-1	0.0887997
-1	0.200678
-1	-0.0482802
-1	-0.135448
-1	-0.0379046
-1	0.0366997
-1	0.0846719
-1	-0.0319797
-1	0.170537
-1	0.308845
-1	0.104666
-1	0.0773622
-1	0.0993407
-1	0.0302567
-1	0.0313159
-1	0.0450316
-1	-0.0762324
-1	0.160707
-1	0.0230927
-1	-0.0229964
-1	0.15293
-1	-0.017264
-1	0.23965
-1	0.0653064
-1	-0.124541
-1	0.0186743
-1	-0.0255816
-1	0.0521797
-1	0.228506
-1	-0.0368606
-1	0.0112563
-1	0.03671
-1	-0.0138847
-1	0.0168413
-1	0.048782
-1	0.130537
-1	0.0819844
-1	0.103702
-1	-0.0108731
-1	0.0155763
-1	0.0527285
-1	-0.117358
-1	0.224418
-1	0.0267683
-1	0.0284376
-1	0.0445799
-1	0.0304799
-1	0.063442
-1	0.0332339
-1	0.0437766
-1	-0.0389219
-1	0.212175
-1	0.0683688
-1	0.123912
-1	-0.0749394
-1	0.0986544
-1	-0.0854825
-1	0.0136011
-1	-0.0281979
-1	0.101535
-1	0.0291783
-1	0.0792689
-1	-0.0247991
-1	-0.0129301
-1	0.00523942
-1	0.110523
-1	0.101179
-1	0.0335893
-1	-0.0666746
-1	0.170112
-1	0.114968
-1	0.0060235
-1	-0.0368789
-1	-0.0929185
-1	-0.119893
-1	-0.14202
-1	0.0438769
-1	0.115914
-1	0.0428752
-1	0.0607907
-1	0.279698
-1	-0.0743914
-1	0.0620787
-1	-0.0729677
-1	0.0168017
-1	-0.160451
-1	-0.146426
-1	0.168739
-1	0.341714
-1	0.0571053
-1	-0.143842
-1	-0.0385666
-1	0.0620461
-1	-0.0610878
-1	-0.0155958
-1	-0.0429241
-1	-0.0233654
-1	0.0751038
-1	0.203762
-1	0.103283
-1	0.109816
-1	-0.108164
-1	0.0783951
-1	0.0953284
-1	0.10801
-1	0.0633144
-1	0.00455785
-1	-0.176499
-1	0.09865
-1	-0.0688178
-1	0.0643266
-1	-0.106252
-1	0.262794
-1	0.0213382
-1	0.000190308
-1	0.00104504
-1	-0.0856925
-1	0.0420937
-1	0.0275366
-1	0.0509788
-1	0.119386
-1	0.0815644
-1	0.0907709
-1	-0.0568349
-1	0.101384
-1	0.0595176
-1	0.152833
-1	0.0420018
-1	-0.0299493
-1	0.0560984
-1	0.0150863
-1	0.0273322
-1	-0.243641
-1	0.0353111
-1	0.0291423
-1	0.0890751
-1	0.28859
-1	0.126315
-1	-0.12396
-1	0.214842
-1	-0.0479067
-1	0.0472411
-1	-0.0347097
-1	0.0262029
-1	-0.019841
-1	-0.0444054
-1	-0.00714431
-1	-0.0386063
-1	0.00479682
-1	0.244428
-1	0.0932392
-1	0.287588
-1	0.0554662
-1	-0.130087
-1	0.14615
-1	-0.0317878
-1	0.262825
-1	0.0289579
-1	-0.00052966
-1	0.0851825
-1	-0.0515225
-1	0.0355587
-1	0.00457152
-1	-0.113571
-1	0.00400873
-1	0.0882734
-1	0.068145
-1	-0.0790003
-1	0.114567
-1	0.0875865
-1	0.00688679
-1	0.135642
-1	-0.126443
-1	0.0687393
-1	-0.0966044
-1	0.102376
-1	0.140445
-1	-0.041461
-1	0.294732
-1	-0.0317945
-1	0.0569838
-1	0.0448793
-1	0.188564
-1	0.0472672
-1	0.0815963
-1	0.211165
-1	0.0782964
-1	-0.159816
-1	0.0541293
-1	0.199083
