-1	0.105456
-1	0.105895
-1	0.13609
-1	0.018276
-1	0.06717
-1	0.142224
-1	0.161581
-1	0.0262319
-1	0.0646694
-1	-0.0295911
-1	-0.0658885
-1	-0.0891547
-1	0.0465641
-1	-0.00132751
-1	0.0789516
-1	-0.0469417
-1	0.128612
-1	0.0813819
-1	-0.0276374
-1	0.0699942
-1	0.194979
-1	0.0967641
-1	0.033236
-1	-0.0848711
-1	0.125442
-1	0.0209783
-1	0.121586
-1	0.0863468
-1	0.0664225
-1	0.102031
-1	0.17311
-1	0.113737
-1	0.0298125
-1	0.151569
-1	0.255386
-1	0.0983562
-1	0.0473026
-1	-0.0547946
-1	0.0705867
-1	-0.151198
-1	0.155401
-1	0.115787
-1	0.261605
-1	0.0934228
-1	0.087844
-1	-0.00149125
-1	0.10332
-1	0.259146
-1	0.0898234
-1	0.193019
-1	0.122895
-1	0.0747171
-1	-0.0856932
-1	-0.0409777
-1	-0.0942956
-1	0.00823516
-1	0.00302974
-1	0.0072047
-1	0.135478
-1	0.181182
-1	0.0273215
-1	-0.0521444
-1	0.000887693
-1	0.0799549
-1	-0.132553
-1	-0.0172114
-1	-0.0196386
-1	0.0184275
-1	-0.0848624
-1	-0.0743207
-1	0.168632
-1	0.0428572
-1	-0.0567843
-1	0.248553
1	0.803758
1	0.800606
1	0.789163
1	0.764027
1	0.733874
1	0.411215
1	0.792981
1	0.533896
1	0.605982
1	0.691828
1	0.635389
1	0.731313
1	0.855756
1	0.722601
1	0.620648
1	0.637944
1	0.343294
1	0.583401
1	0.534526
1	0.657304
1	0.535843
1	0.689782
1	0.601171
1	0.527081
1	0.735678
1	0.261444
1	0.432219
1	0.559326
1	0.537569
1	0.378775
1	0.60567
1	0.606326
1	0.758038
1	0.631456
1	0.80066
1	0.701807
1	0.726034
1	0.523208
1	0.727605
1	0.701988
1	0.566142
1	0.612342
1	0.860633
1	0.644265
1	0.721248
1	0.80799
1	0.611102
1	0.785043
1	0.760082
1	0.568629
1	0.501142
1	0.553205
1	0.60434
1	0.662552
1	0.672134
1	0.323559
1	0.682328
1	0.357048
1	0.69357
1	0.482144
1	0.507266
1	0.580983
1	0.620583
1	0.707891
1	0.517125
1	0.776952
1	0.588514
1	0.570653
1	0.645067
1	0.556903
1	0.602077
1	0.579229
1	0.545718
1	0.620917
1	0.551122
1	0.647752
1	0.499852
1	0.561432
1	0.736261
1	0.815677
1	0.726839
1	0.638285
1	0.60475
1	0.697407
1	0.637889
1	0.601479
1	0.710011
1	0.777787
1	0.822492
1	0.63515
1	0.698653
1	0.63485
1	0.769039
1	0.657591
1	0.742586
1	0.486691
1	0.81473
1	0.502754
1	0.679034
1	0.698455
1	0.622814
1	0.738648
1	0.877627
1	0.746649
1	0.599011
1	0.714658
1	0.697288
1	0.578766
1	0.551253
1	0.564405
1	0.456908
1	0.733008
1	0.681142
1	0.704917
1	0.678227
1	0.499707
1	0.735153
1	0.747839
1	0.586997
1	0.576557
1	0.742041
1	0.726225
1	0.539759
1	0.522397
1	0.659876
1	0.515387
1	0.693314
1	0.699351
1	0.626267
1	0.559631
1	0.752976
1	0.495148
1	0.752533
1	0.574546
1	0.735465
1	0.659468
1	0.501629
1	0.642197
1	0.660929
1	0.570524
1	0.461548
1	0.800155
1	0.723734
1	0.697769
1	0.642214
1	0.605565
1	0.465371
1	0.307453
1	0.643156
1	0.324621
1	0.462992
1	0.48234
1	0.791309
1	0.765829
1	0.697772
1	0.870665
1	0.644772
1	0.602301
1	0.870607
1	0.729617
1	0.64588
1	0.463493
1	0.66534
1	0.69392
1	0.640832
1	0.607847
1	0.740964
1	0.701955
1	0.767224
1	0.657071
1	0.587293
1	0.720046
1	0.54635
1	0.45046
1	0.536311
1	0.808308
1	0.746442
1	0.478687
1	0.417034
1	0.775894
1	0.625852
1	0.718509
1	0.837132
1	0.805813
1	0.582887
1	0.660189
1	0.531384
1	0.452859
1	0.599285
1	0.740027
1	0.857944
1	0.702955
1	0.538005
1	0.769395
1	0.487102
1	0.466671
1	0.670228
1	0.756474
1	0.75127
1	0.678798
1	0.71609
1	0.627605
1	0.724394
1	0.667945
1	0.665305
1	0.610837
1	0.625716
1	0.741008
1	0.641154
1	0.608034
1	0.686496
1	0.739012
1	0.478178
1	0.658818
1	0.66717
1	0.611698
1	0.851899
1	0.502799
1	0.699356
1	0.67223
1	0.683385
1	0.638546
1	0.651484
1	0.601408
1	0.782915
1	0.799418
1	0.373894
1	0.529923
1	0.727144
1	0.326785
1	0.782643
1	0.344079
1	0.710494
1	0.801794
1	0.696137
1	0.559319
1	0.655218
1	0.678456
1	0.542277
1	0.541407
1	0.687488
1	0.348145
1	0.648702
1	0.567222
1	0.347953
1	0.704052
1	0.392198
1	0.501312
1	0.53024
1	0.567493
1	0.558729
1	0.528942
1	0.723346
1	0.717911
1	0.693918
1	0.59207
1	0.581617
1	0.639152
1	0.72819
1	0.522309
1	0.703503
1	0.441224
1	0.403884
1	0.858989
1	0.642544
1	0.763108
1	0.727545
1	0.553466
1	0.718334
1	0.653261
1	0.510185
1	0.760018
1	0.575831
1	0.654846
1	0.605085
1	0.620647
1	0.738388
1	0.760321
1	0.622528
1	0.51364
1	0.697576
1	0.444193
1	0.725117
1	0.840263
1	0.7888
1	0.502507
1	0.49821
1	0.650665
1	0.489195
1	0.677494
1	0.689184
1	0.646679
1	0.54081
1	0.743098
1	0.668104
1	0.787929
1	0.67871
1	0.765928
1	0.612823
1	0.515048
-1	0.131598
-1	-0.00679161
-1	0.112396
-1	0.0770491
-1	0.0182146
-1	-0.0427131
-1	-0.124815
-1	0.0120053
-1	0.0554118
-1	0.082909
-1	0.171245
-1	0.0471753
-1	0.038824
-1	0.0354055
-1	0.129979
-1	0.0161279
-1	0.0288504
-1	0.140233
-1	0.0208764
-1	0.0643125
-1	0.228968
-1	0.085418
-1	-0.0247512
-1	0.0504161
-1	-0.0652076
-1	-0.126515
-1	0.116309
-1	0.2117
-1	0.0212967
-1	0.091159
-1	0.00166731
-1	0.0971913
-1	0.0953224
-1	0.0549463
-1	0.0447692
-1	-0.0658059
-1	0.00637545
-1	-0.0638764
-1	-0.0269021
-1	-0.108244
-1	-0.0471862
-1	0.279322
-1	0.126831
-1	0.192892
-1	-0.216832
-1	0.050319
-1	0.00140052
-1	-0.00101135
-1	0.0412125
-1	0.191722
-1	0.0275005
-1	0.0717953
-1	-0.089914
-1	-0.00479631
-1	0.12732
-1	-0.0124852
-1	0.215955
-1	0.133612
-1	0.0391818
-1	-0.13679
-1	0.257097
-1	0.05742
-1	0.126541
-1	0.0593583
-1	-0.0137649
-1	-0.0866617
-1	-0.0124175
-1	-0.0620304
-1	0.015355
-1	0.244071
-1	0.0348734
-1	0.0148092
-1	0.126233
-1	0.0231203
-1	0.169777
-1	-0.0608186
-1	0.0999374
-1	0.0457051
-1	0.0101786
-1	0.0295007
-1	0.00672613
-1	0.267015
-1	0.174267
-1	-0.0582796
-1	0.0141639
-1	0.0233125
-1	-0.0620328
-1	0.153246
-1	-0.0526802
-1	0.0916771
-1	0.0171646
-1	0.0418768
-1	-0.0450236
-1	-0.207738
-1	-0.123364
-1	-0.00194806
-1	-0.00700439
-1	0.0163924
-1	0.0487485
-1	0.101107
-1	0.0719679
-1	0.0373636
-1	0.220502
-1	0.0237557
-1	-0.0914896
-1	-0.00470871
-1	0.221175
-1	0.0409057
-1	0.0338721
-1	-0.0762673
-1	0.0228298
-1	0.0335814
-1	-0.0233893
-1	0.124748
-1	-0.088351
-1	-0.0269115
-1	0.0489356
-1	-0.0756479
-1	0.046195
-1	0.111721
-1	-0.0914541
-1	0.122049
-1	0.00032365
-1	-0.0497017
-1	0.0187721
-1	0.201144
-1	-0.115923
-1	0.0255599
-1	0.130502
-1	-0.129823
-1	-0.286316
-1	0.0100558
-1	-0.0778336
-1	-0.0243299
-1	-0.218488
-1	-0.10647
-1	0.177382
-1	0.077343
-1	0.0864023
-1	0.253291
-1	0.0143416
-1	0.179237
-1	0.120248
-1	0.221749
-1	0.211751
-1	0.0521574
-1	0.12591
-1	0.080291
-1	0.0760284
-1	0.161537
-1	0.0179736
-1	0.119914
-1	0.00125003
-1	-0.0465991
-1	0.164528
-1	0.144709
-1	0.0866694
-1	-0.27088
-1	0.269983
-1	0.0985031
-1	-0.0165433
-1	0.000654926
-1	0.0267827
-1	-0.0183098
-1	0.000555384
-1	-0.169284
-1	0.0178166
-1	-0.0620268
-1	0.0081293
-1	0.0362076
-1	-0.0362054
-1	-0.0121969
-1	0.0782855
-1	0.0693323
-1	0.123453
-1	-0.124596
-1	0.104977
-1	0.0575011
-1	0.0626596
-1	0.198136
-1	0.0674783
-1	0.0676349
-1	0.0313215
-1	0.0357844
-1	-0.0841065
-1	-0.0675098
-1	0.00982786
-1	0.00828124
-1	-0.0695798
-1	0.099942
-1	0.10897
-1	-0.0781804
-1	-0.0358171
-1	0.034151
-1	-0.0550946
-1	-0.0210612
-1	0.182358
-1	0.118914
-1	0.0771948
-1	-0.0158039
-1	-0.183363
-1	0.123055
-1	-0.0610535
-1	0.00489216
-1	-0.00798357
-1	-0.034085
-1	0.0722364
-1	0.00105673
-1	0.136979
-1	-0.0431867
-1	-0.0187819
-1	0.0661167
-1	-0.0903389
-1	0.0416262
-1	-0.114943
-1	0.0581394
-1	0.100066
-1	0.0520719
-1	0.0181495
-1	-0.024689
-1	-0.103208
-1	-0.13749
-1	0.329315
-1	-0.116775
-1	0.200037
-1	0.136332
-1	-0.13758
-1	-0.172421
-1	0.0439928
-1	0.0156148
-1	-0.0513958
-1	-0.0441869
-1	0.121473
-1	-0.148768
-1	0.200537
-1	0.135309
-1	0.0274038
-1	0.0648549
-1	-0.140362
-1	0.219641
-1	0.0898181
-1	-0.00673104
-1	-0.140385
-1	0.0264184
-1	0.253325
-1	-0.0143603
-1	0.142171
-1	0.278788
-1	0.0589621
-1	0.113809
-1	-0.0237597
-1	0.111678
-1	0.0878163
-1	-0.0187568
-1	-0.069991
-1	0.0648083
-1	0.154709
-1	0.0787399
-1	0.290146
-1	0.0145326
-1	0.0821447
-1	0.083962
-1	0.0541875
-1	0.0480351
-1	0.0644815
-1	-0.0180613
-1	0.0298032
-1	0.0417185
-1	0.0608715
-1	0.115908
-1	0.0329413
-1	0.00538275
-1	0.0422662
-1	0.0672283
-1	0.0116772
-1	0.0431456
-1	0.0555618
-1	0.150279
-1	0.0157443
-1	0.135089
-1	0.0413177
-1	0.128395
-1	0.165766
-1	0.229937
-1	0.0914528
-1	0.110766
-1	-0.00861842
-1	-0.0603633
-1	0.149046
-1	0.115984
-1	0.0372546
-1	0.212942
-1	-0.000373723
-1	0.19749
-1	-0.248443
-1	0.0657356
-1	0.0948171
-1	-0.0950418
-1	0.0867934
-1	0.0362249
1	0.682849
1	0.591789
1	0.645286
1	0.656772
1	0.622469
1	0.518869
1	0.635967
1	0.915992
1	0.614963
1	0.709399
1	0.726247
1	0.744135
1	0.707182
1	0.68851
1	0.680281
1	0.529218
1	0.459795
1	0.634017
1	0.77478
1	0.844386
1	0.871565
1	0.567575
1	0.534873
1	0.499736
1	0.809303
1	0.682682
1	0.64713
1	0.455173
1	0.272724
1	0.188787
1	0.323663
1	0.720689
1	0.677517
1	0.256414
1	0.438913
1	0.361868
1	0.438829
1	0.634518
1	0.567382
1	0.622998
1	0.596127
1	0.740952
1	0.676822
1	0.876648
1	0.712547
1	0.347541
1	0.673972
1	0.571968
1	0.608919
1	0.72122
1	0.652836
1	0.593642
1	0.756025
1	0.714584
1	0.342183
1	0.542717
1	0.652973
1	0.713743
1	0.722105
1	0.747206
1	0.650528
1	0.650233
1	0.75951
1	0.668634
1	0.729959
1	0.756772
1	0.595599
1	0.241916
1	0.387392
1	0.312343
1	0.370926
1	0.593081
1	0.63184
1	0.601184
1	0.457869
1	0.409235
1	0.630612
1	0.585179
1	0.567152
1	0.630721
1	0.713072
1	0.780236
1	0.700313
1	0.609349
1	0.728497
1	0.655812
1	0.72562
1	0.653458
1	0.607406
1	0.653396
1	0.606322
1	0.762533
1	0.752949
1	0.69731
1	0.684948
1	0.60664
1	0.648119
1	0.644012
1	0.679828
1	0.506601
1	0.805901
1	0.483485
1	0.854456
1	0.71622
1	0.642044
1	0.687187
1	0.709193
1	0.456998
1	0.667216
1	0.562243
1	0.398578
1	0.444947
1	0.782861
1	0.752809
1	0.76471
1	0.764828
1	0.721577
1	0.78625
1	0.789895
1	0.801018
1	0.74507
1	0.781448
1	0.692899
1	0.833233
1	0.678562
1	0.504185
1	0.564065
1	0.597377
1	0.45821
1	0.555962
1	0.567239
1	0.383283
1	0.763323
1	0.720236
1	0.805943
1	0.601162
1	0.534717
1	0.779411
1	0.606166
1	0.791744
1	0.539243
1	0.434115
1	0.419115
1	0.405476
1	0.337119
1	0.588786
1	0.30854
1	0.880865
1	0.791169
1	0.748813
1	0.619831
1	0.758702
1	0.428714
1	0.508495
1	0.748866
1	0.631688
1	0.72184
1	0.75196
1	0.430253
1	0.668801
1	0.582602
1	0.612573
1	0.623937
1	0.933681
1	0.634951
1	0.685676
1	0.817575
1	0.853168
1	0.83307
1	0.8593
1	0.49116
1	0.642922
1	0.520854
1	0.613853
1	0.765844
1	0.718177
1	0.819413
1	0.749503
1	0.621884
1	0.517272
1	0.777167
1	0.607051
1	0.811821
1	0.550381
1	0.711403
1	0.742707
1	0.776605
1	0.618084
1	0.530663
1	0.601451
1	0.759367
1	0.586759
1	0.66563
1	0.583443
1	0.656394
1	0.4033
1	0.772751
1	0.610612
1	0.625365
1	0.663089
1	0.641513
1	0.697865
1	0.569055
1	0.503243
1	0.808701
1	0.660929
1	0.626113
1	0.574129
1	0.601917
1	0.560323
1	0.498904
1	0.601361
1	0.798954
1	0.337986
1	0.827937
1	0.852105
1	0.493401
1	0.424132
1	0.728556
1	0.563904
1	0.344921
1	0.602108
1	0.681477
1	0.693063
1	0.629124
1	0.678729
1	0.587267
1	0.649049
1	0.583188
1	0.737982
1	0.504376
1	0.612799
1	0.654901
1	0.567944
1	0.531328
1	0.763585
1	0.50392
1	0.773615
1	0.467588
1	0.881676
1	0.670229
1	0.594359
1	0.651132
1	0.597145
1	0.534712
1	0.749778
1	0.682946
1	0.514837
1	0.343311
1	0.558247
1	0.636096
1	0.549331
1	0.67839
1	0.694139
1	0.712552
1	0.760582
1	0.576001
1	0.942105
1	0.747865
1	0.644188
1	0.853485
1	0.349842
1	0.702017
1	0.56003
1	0.484703
1	0.299858
1	0.616373
1	0.433921
1	0.521834
1	0.753005
1	0.71003
1	0.729424
1	0.806266
1	0.454106
1	0.716274
1	0.731215
1	0.712354
1	0.683695
1	0.572442
1	0.798151
1	0.462831
1	0.700904
1	0.697417
1	0.595981
1	0.450025
1	0.62201
1	0.557878
1	0.627419
1	0.746491
1	0.687652
1	0.582086
1	0.667575
1	0.513749
1	0.646329
1	0.658399
1	0.689497
1	0.781576
1	0.640526
1	0.651237
1	0.518321
-1	0.0527656
-1	-0.10195
-1	-0.137476
-1	0.119755
-1	0.145994
-1	0.167568
-1	0.0403379
-1	-0.0589358
-1	0.11604
-1	0.0416211
-1	-0.00108645
-1	0.0277858
-1	0.0859714
-1	-0.0597991
-1	-0.164561
-1	0.129067
-1	0.101562
-1	0.0281015
-1	0.094852
-1	0.0523445
-1	0.117301
-1	-0.136327
-1	0.0415108
-1	-0.0178693
-1	-0.000378845
-1	-0.0702848
-1	0.1805
-1	-0.0434987
-1	0.0472478
-1	0.200355
-1	0.00764944
-1	-0.0454261
-1	-0.0107702
-1	0.0476899
-1	0.0197315
-1	0.107672
-1	-0.0399629
-1	0.22507
-1	0.079089
-1	9.17192e-05
-1	0.0873962
-1	0.185775
-1	0.0225223
-1	0.10856
-1	0.147026
-1	0.071011
-1	0.0187638
-1	0.131277
-1	0.0737675
-1	-0.00817723
-1	-0.145605
-1	0.0756884
-1	-0.024041
-1	0.256455
-1	0.257254
-1	-0.00802882
-1	0.0478968
-1	-0.0209364
-1	0.0792565
-1	-0.0479882
-1	0.112621
-1	0.150018
-1	0.129019
-1	0.00499421
-1	0.0129507
-1	0.224706
-1	0.00543612
-1	0.0772108
-1	0.105287
-1	0.00100499
-1	-0.0608953
-1	-0.0299243
-1	0.0235274
-1	0.183876
-1	0.0282934
-1	0.0667453
-1	0.0532246
-1	-0.0668521
-1	0.0218406
-1	0.197976
-1	-0.0097577
-1	0.10118
-1	0.156422
-1	0.0214574
-1	-0.0349679
-1	0.0586663
-1	0.0531513
-1	0.0067466
-1	-0.0827302
-1	0.0460034
-1	0.243184
-1	0.159545
-1	0.0639081
-1	0.140278
-1	-0.0703674
-1	0.114973
-1	0.103677
-1	0.0100031
-1	0.027845
-1	0.10307
-1	0.189239
-1	0.0393156
-1	0.148491
-1	0.111236
-1	0.143105
-1	0.172942
-1	-0.0365145
-1	0.269013
-1	-0.0675866
-1	0.155031
-1	-0.079693
-1	-0.0834933
-1	-0.0129872
-1	-0.0184297
-1	0.199268
-1	0.210294
-1	0.106868
-1	0.143249
-1	0.218827
-1	0.255
-1	0.097594
-1	0.0674702
-1	-0.00841678
-1	0.100417
-1	0.0850366
-1	0.0456263
-1	0.109083
-1	0.0958827
-1	0.0878267
-1	-0.0832426
-1	0.0267065
-1	0.0727141
-1	0.243522
-1	0.24975
-1	-0.00355555
-1	0.0128798
-1	0.0509621
-1	-0.121471
-1	-0.0880383
-1	0.0401678
-1	-0.0706807
-1	-0.177352
-1	0.0891702
-1	-0.0506101
-1	0.0897767
-1	-0.0970757
-1	-0.0200215
-1	0.0948613
-1	0.169907
-1	0.0833657
-1	-0.055951
-1	-0.0116391
-1	0.136863
-1	0.00404227
-1	-0.0766339
-1	0.0616302
-1	-0.0863753
-1	0.0217009
-1	-0.0402429
-1	0.253956
-1	0.12404
-1	0.0473268
-1	-0.0835988
-1	0.109332
-1	0.0955006
-1	0.0450689
-1	0.162836
-1	-0.0128805
-1	0.0352854
-1	-0.0362714
-1	0.150465
-1	0.0919399
-1	0.057901
-1	0.222403
-1	-0.126549
-1	0.121139
-1	-0.0661595
-1	-0.0872681
-1	0.131712
-1	-0.090933
-1	0.0726782
-1	0.0860887
-1	0.160674
-1	-0.0521025
-1	0.0265816
-1	0.00745602
-1	0.204877
-1	-0.0758946
-1	0.101637
-1	0.201002
-1	0.114956
-1	0.0471105
-1	-0.102255
-1	0.262453
-1	0.106877
-1	0.0352493
-1	0.113161
-1	0.138894
-1	-0.0663921
-1	0.134072
-1	0.0962593
-1	-0.0404498
-1	0.0763244
-1	-0.0521398
-1	-0.0858824
-1	0.0768811
-1	-0.0599491
-1	0.0786065
-1	-0.182524
-1	-0.0989551
-1	-0.00262448
-1	-0.0704551
-1	-0.0169792
-1	0.0231769
-1	0.0463305
-1	0.129531
-1	-0.0685715
-1	-0.019673
-1	-0.0996184
-1	-0.0260253
-1	0.0697886
-1	0.189959
-1	0.0226665
-1	0.0217662
-1	0.168805
-1	-0.115771
-1	0.0794
-1	0.0643503
-1	0.112708
-1	-0.019077
-1	0.0958353
-1	-0.0255509
-1	0.0222711
-1	0.0712713
-1	0.0719335
-1	-0.0168159
-1	0.097495
-1	-0.0654305
-1	-0.0369727
-1	-0.00920453
-1	-0.0717351
-1	0.179729
-1	0.0319462
-1	0.179522
-1	0.0478172
-1	0.0641078
-1	0.127888
-1	0.0294515
-1	-0.00805228
-1	0.14234
-1	0.123445
-1	-0.0546156
-1	0.0112319
-1	0.216368
-1	0.233467
-1	0.0845166
-1	0.0678941
-1	0.0359737
-1	0.151516
-1	-0.156287
-1	-0.00978988
-1	0.0681825
-1	0.0737291
-1	0.164979
-1	0.138349
-1	0.0898624
-1	0.0952584
-1	-0.145292
-1	-8.6985e-05
-1	-0.0146066
-1	0.0689878
-1	0.243723
-1	-0.0876839
-1	-0.0061547
-1	-0.00572944
-1	0.0381886
-1	0.107298
-1	0.107013
-1	0.089173
-1	0.0227182
-1	0.049666
-1	0.0186144
-1	0.151636
-1	0.0398762
-1	-0.050064
-1	0.000652535
-1	-0.0751271
-1	0.142044
-1	0.0258356
-1	0.137533
-1	0.0241598
-1	0.210669
-1	-0.0237088
-1	0.00700852
-1	0.23624
-1	0.173039
-1	0.0584831
-1	-0.0356561
-1	0.0154514
-1	0.0547435
1	0.598125
1	0.378433
1	0.456149
1	0.664736
1	0.44615
1	0.685748
1	0.677439
1	0.75967
1	0.637254
1	0.76911
1	0.652947
1	0.719069
1	0.387758
1	0.411666
1	0.486025
1	0.495164
1	0.708109
1	0.663887
1	0.521178
1	0.488306
1	0.370339
1	0.502748
1	0.619407
1	0.683684
1	0.810097
1	0.691705
1	0.636013
1	0.662527
1	0.681688
1	0.701518
1	0.65791
1	0.431925
1	0.563439
1	0.419293
1	0.644192
1	0.64688
1	0.785527
1	0.789764
1	0.615263
1	0.705738
1	0.719668
1	0.799728
1	0.612967
1	0.335869
1	0.667191
1	0.361059
1	0.544243
1	0.822372
1	0.613806
1	0.503646
1	0.644176
1	0.375872
1	0.738906
1	0.328976
1	0.69041
1	0.655524
1	0.748884
1	0.558348
1	0.654897
1	0.748552
1	0.758478
1	0.0458623
1	0.674736
1	0.678232
1	0.596316
1	0.664572
1	0.726203
1	0.551902
1	0.707248
1	0.65968
1	0.616926
1	0.407032
1	0.588735
1	0.50887
1	0.690787
1	0.669887
1	0.656573
1	0.494475
1	0.400178
1	0.505298
1	0.505157
1	0.669129
1	0.611241
1	0.6153
1	0.776189
1	0.728883
1	0.72948
1	0.403712
1	0.843407
1	0.874021
1	0.911205
1	0.780779
1	0.76999
1	0.893456
1	0.492512
1	0.675092
1	0.660074
1	0.664362
1	0.581902
1	0.434821
1	0.490212
1	0.918498
1	0.74138
1	0.435097
1	0.913884
1	0.63043
1	0.533276
1	0.603829
1	0.825706
1	0.624649
1	0.716425
1	0.522975
1	0.586838
1	0.653877
1	0.670007
1	0.76151
1	0.821782
1	0.529226
1	0.337626
1	0.274366
1	0.793648
1	0.852986
1	0.45156
1	0.629353
1	0.577204
1	0.409805
1	0.660364
1	0.652151
1	0.418819
1	0.609985
1	0.669636
1	0.30591
1	0.319302
1	0.63765
1	0.785447
1	0.767897
1	0.551145
1	0.63032
1	0.656577
1	0.797187
1	0.627561
1	0.594099
1	0.786366
1	0.443756
1	0.400025
1	0.734378
1	0.71306
1	0.467179
1	0.589253
1	0.462223
1	0.317998
1	0.530112
1	0.647783
1	0.6743
1	0.76715
1	0.788755
1	0.641271
1	0.483891
1	0.630493
1	0.642547
1	0.628899
1	0.76855
1	0.664633
1	0.737313
1	0.644793
1	0.565674
1	0.743587
1	0.490064
1	0.513411
1	0.319722
1	0.657176
1	0.590442
1	0.786562
1	0.580764
1	0.641173
1	0.566911
1	0.581656
1	0.605604
1	0.444716
1	0.522183
1	0.446628
1	0.554854
1	0.715848
1	0.838559
1	0.837302
1	0.777986
1	0.605777
1	0.777468
1	0.649471
1	0.69636
1	0.473724
1	0.612422
1	0.744362
1	0.724205
1	0.766287
1	0.614906
1	0.502176
1	0.860099
1	0.765135
1	0.765724
1	0.708618
1	0.912827
1	0.780524
1	0.715301
1	0.490733
1	0.484738
1	0.247531
1	0.202942
1	0.389655
1	0.0128741
1	0.945117
1	0.571442
1	0.528199
1	0.720658
1	0.712284
1	0.614351
1	0.440808
1	0.6882
1	0.61701
1	0.667294
1	0.574221
1	0.740533
1	0.734022
1	0.696163
1	0.664645
1	0.616887
1	0.528035
1	0.625602
1	0.578047
1	0.761149
1	0.72079
1	0.720804
1	0.958214
1	0.642824
1	0.707337
1	0.63901
1	0.607587
1	0.734383
1	0.48265
1	0.558184
1	0.424685
1	0.562609
1	0.40761
1	0.438475
1	0.473252
1	0.699298
1	0.624023
1	0.616111
1	0.42885
1	0.686383
1	0.699499
1	0.395152
1	0.421064
1	0.693756
1	0.470144
1	0.480858
1	0.496816
1	0.527987
1	0.687382
1	0.645584
1	0.795878
1	0.68468
1	0.885864
1	0.706467
1	0.579203
1	0.525128
1	0.792265
1	0.462069
1	0.755534
1	0.537443
1	0.653999
1	0.607398
1	0.460985
1	0.702093
1	0.685534
1	0.411258
1	0.57638
1	0.681618
1	0.646156
1	0.621962
1	0.495118
1	0.425025
1	0.485451
1	0.624283
1	0.686215
1	0.698894
1	0.705674
1	0.64446
1	0.483862
1	0.719359
1	0.710777
1	0.879304
1	0.678566
1	0.630996
1	0.810209
1	0.635723
1	0.629654
1	0.730495
1	0.720543
1	0.718955
-1	0.10134
-1	0.0287807
-1	0.018332
-1	0.212198
-1	0.134643
-1	0.0840268
-1	0.129747
-1	0.0884323
-1	-0.0402331
-1	0.159376
-1	-0.0270411
-1	-0.0291525
-1	-0.028286
-1	-0.0366606
-1	0.06329
-1	-0.223268
-1	0.0530775
-1	0.0589867
-1	0.184508
-1	0.117944
-1	0.117181
-1	-0.0330661
-1	0.0937832
-1	0.0311155
-1	-0.0443605
-1	-0.0493134
-1	0.0373503
-1	0.0531541
-1	-0.0100141
-1	0.138031
-1	-0.0768906
-1	0.112112
-1	0.0477481
-1	0.233774
-1	0.212877
-1	0.00750082
-1	0.0915501
-1	0.247347
-1	-0.00875057
-1	0.149257
-1	-0.147963
-1	0.090274
-1	0.116486
-1	0.122561
-1	0.0753803
-1	0.042491
-1	-0.105952
-1	-0.0320562
-1	0.0622394
-1	0.0338065
-1	-0.0300315
-1	0.0631747
-1	0.0770666
-1	0.274503
-1	-0.0360379
-1	-0.0292689
-1	0.192578
-1	-0.0947553
-1	0.16139
-1	0.0395012
-1	-0.0191093
-1	0.14478
-1	0.02142
-1	0.224327
-1	-0.000480913
-1	-0.0244117
-1	-0.0604438
-1	0.155702
-1	0.0250547
-1	-0.0388085
-1	0.162922
-1	-0.00325971
-1	-0.147689
-1	0.211312
-1	0.177571
-1	-0.0325158
-1	0.0048083
-1	0.090784
-1	0.10639
-1	-0.137785
-1	-0.0251133
-1	-0.038689
-1	0.160327
-1	0.102994
-1	0.0760717
-1	0.069245
-1	0.0136014
-1	-0.0681396
-1	0.335001
-1	-0.0348837
-1	-0.145136
-1	0.0978633
-1	0.0173748
-1	-0.0279817
-1	0.000967641
-1	-0.0380194
-1	0.199978
-1	0.0840212
-1	0.110409
-1	-0.00537281
-1	0.0413998
-1	0.0848055
-1	0.106843
-1	0.156774
-1	0.0441989
-1	0.148084
-1	0.0932338
-1	0.116164
-1	-0.0651302
-1	0.0982075
-1	0.093963
-1	0.115927
-1	-0.0615514
-1	-0.0905751
-1	0.128459
-1	-0.0819116
-1	0.0927739
-1	0.208655
-1	0.0819037
-1	-0.0660212
-1	-0.148136
-1	0.140285
-1	0.0772905
-1	-0.101183
-1	0.147118
-1	-0.00519781
-1	0.0387916
-1	-0.0103398
-1	0.0434259
-1	0.0712979
-1	0.0310918
-1	0.0646069
-1	0.0217049
-1	-0.011428
-1	0.0301873
-1	-0.0602035
-1	0.0178594
-1	-0.152398
-1	0.0279598
-1	0.160514
-1	0.112698
-1	0.016984
-1	-0.0641224
-1	-0.0393909
-1	0.00294616
-1	0.0658809
-1	-0.0508589
-1	0.0420578
-1	0.157394
-1	0.113412
-1	0.128562
-1	0.115823
-1	-0.109822
-1	-0.0550557
-1	0.116574
-1	0.181293
-1	0.0693229
-1	0.0118509
-1	0.19404
-1	-0.00182036
-1	-0.00653634
-1	0.109168
-1	0.0337184
-1	-0.0363382
-1	0.182735
-1	-0.0280461
-1	0.0820531
-1	-0.0362144
-1	-0.150838
-1	-0.110168
-1	0.120283
-1	0.0549711
-1	0.188997
-1	-0.0196736
-1	-0.0437014
-1	-0.0333745
-1	0.130153
-1	-0.117677
-1	0.0934362
-1	-0.124546
-1	-0.0582674
-1	0.0181413
-1	0.158725
-1	0.0323976
-1	0.113897
-1	0.118754
-1	0.0677415
-1	-0.089889
-1	-0.0043053
-1	0.0764024
-1	0.0818822
-1	0.0903451
-1	0.0718744
-1	0.195149
-1	-0.0702201
-1	-0.0829315
-1	0.0990284
-1	0.23239
-1	0.22587
-1	0.133521
-1	0.0341203
-1	0.060556
-1	0.0878456
-1	0.088724
-1	0.0948367
-1	0.0420734
-1	0.0172813
-1	0.0842957
-1	0.134317
-1	-0.113456
-1	-0.0873427
-1	-0.0182804
-1	-0.0137782
-1	0.146829
-1	0.0866631
-1	0.163593
-1	0.0412742
-1	0.0277922
-1	-0.139129
-1	-0.00672032
-1	0.144133
-1	0.168919
-1	0.0542095
-1	0.0369697
-1	0.2456
-1	0.187115
-1	0.14717
-1	0.0768181
-1	-0.0150121
-1	0.154344
-1	-0.0483527
-1	0.122423
-1	0.274455
-1	-0.0413485
-1	-0.0360613
-1	0.148777
-1	-0.112674
-1	0.254383
-1	-0.0678159
-1	-0.0201273
-1	0.134681
-1	0.0333066
-1	0.0698511
-1	-0.0796805
-1	0.0788656
-1	0.0076794
-1	0.12604
-1	0.00977971
-1	0.105583
-1	0.0185494
-1	0.0730712
-1	-0.099087
-1	-0.124657
-1	0.0731979
-1	-0.0122052
-1	0.155122
-1	0.0358603
-1	0.0302953
-1	-0.00674602
-1	0.227512
-1	0.183331
-1	0.131446
-1	0.0527837
-1	-0.128018
-1	-0.0365424
-1	0.0693535
-1	-0.00800376
-1	0.0899067
-1	-0.0711352
-1	0.0455669
-1	0.142266
-1	0.198511
-1	0.110356
-1	0.110647
-1	-0.029349
-1	-0.0197653
-1	0.0771796
-1	-0.0457464
-1	-0.00879074
-1	0.177121
-1	-0.0647381
-1	-0.049589
-1	0.0507865
-1	-0.107734
-1	-0.170975
-1	0.0411043
-1	0.0439672
-1	0.0712547
-1	0.0117145
-1	0.212463
-1	-0.141676
-1	0.00340635
-1	0.0512807
-1	-0.0022429
-1	0.000841338
-1	0.0307667
-1	0.114162
-1	-0.0359904
-1	0.0876003
-1	-0.0117248
1	0.723262
1	0.590798
1	0.640348
1	0.669538
1	0.532219
1	0.686797
1	0.549011
1	0.697394
1	0.628847
1	0.589297
1	0.658239
1	0.55928
1	0.694229
1	0.695644
1	0.527972
1	0.58035
1	0.67186
1	0.631759
1	0.452596
1	0.665897
1	0.622786
1	0.796666
1	0.622199
1	0.516639
1	0.577703
1	0.534568
1	0.413223
1	0.495341
1	0.621604
1	0.724225
1	0.670741
1	0.739435
1	0.65484
1	0.230444
1	0.266575
1	0.864149
1	0.493938
1	0.290383
1	0.37364
1	0.516199
1	0.577285
1	0.45671
1	0.729637
1	0.557252
1	0.527189
1	0.599081
1	0.65642
1	0.746974
1	0.726476
1	0.623788
1	0.841651
1	0.647471
1	0.620786
1	0.712689
1	0.660105
1	0.661348
1	0.526302
1	0.777524
1	0.765311
1	0.540306
1	0.59615
1	0.604734
1	0.754367
1	0.461997
1	0.528745
1	0.675929
1	0.861513
1	0.482747
1	0.632547
1	0.488097
1	0.819003
1	0.61167
1	0.649203
1	0.692596
1	0.805879
1	0.614497
1	0.719934
1	0.736947
1	0.671627
1	0.72461
1	0.813242
1	0.542859
1	0.622854
1	0.492293
1	0.551851
1	0.619948
1	0.629275
1	0.635981
1	0.655463
1	0.555839
1	0.57159
1	0.528008
1	0.560967
1	0.650728
1	0.862272
1	0.653105
1	0.591731
1	0.531749
1	0.222082
1	0.560862
1	0.590008
1	0.686454
1	0.602083
1	0.649243
1	0.474785
1	0.49604
1	0.61898
1	0.51014
1	0.583906
1	0.624828
1	0.659025
1	0.690311
1	0.717755
1	0.766876
1	0.813373
1	0.746041
1	0.797569
1	0.796669
1	0.756857
1	0.641869
1	0.43165
1	0.366614
1	0.464635
1	0.624654
1	0.790392
1	0.772903
1	0.821511
1	0.734542
1	0.784731
1	0.861449
1	0.86825
1	0.811832
1	0.808447
1	0.609865
1	0.680242
1	0.6475
1	0.558052
1	0.48687
1	0.563439
1	0.493222
1	0.737235
1	0.505485
1	0.511415
1	0.728772
1	0.56073
1	0.540413
1	0.60848
1	0.656985
1	0.784013
1	0.674088
1	0.0879828
1	0.191138
1	0.485216
1	0.635784
1	0.759327
1	0.66089
1	0.628885
1	0.707002
1	0.424164
1	0.687669
1	0.705998
1	0.841664
1	0.673702
1	0.754288
1	0.46707
1	0.564216
1	0.704402
1	0.780624
1	0.762546
1	0.762968
1	0.76092
1	0.776882
1	0.807271
1	0.50212
1	0.687488
1	0.545044
1	0.654499
1	0.623322
1	0.686648
1	0.805838
1	0.621004
1	0.589527
1	0.572094
1	0.146726
1	0.366102
1	0.564623
1	0.641396
1	0.481167
1	0.729932
1	0.662386
1	0.481468
1	0.620513
1	0.698333
1	0.530257
1	0.524257
1	0.609417
1	0.525691
1	0.539214
1	0.464006
1	0.5309
1	0.438355
1	0.604747
1	0.72952
1	0.778805
1	0.706791
1	0.558032
1	0.531618
1	0.690846
1	0.722076
1	0.221599
1	0.908164
1	0.855885
1	0.675279
1	0.841197
1	0.60259
1	0.558361
1	0.484941
1	0.626746
1	0.636892
1	0.805952
1	0.857478
1	0.817805
1	0.79205
1	0.601026
1	0.690216
1	0.621156
1	0.843848
1	0.509724
1	0.336213
1	0.658823
1	0.478434
1	0.656014
1	0.625585
1	0.694747
1	0.588363
1	0.742095
1	0.782052
1	0.744637
1	0.753922
1	0.679027
1	0.769165
1	0.668324
1	0.770489
1	0.718211
1	0.393804
1	0.745631
1	0.674135
1	0.573748
1	0.572772
1	0.531589
1	0.599397
1	0.787407
1	0.641647
1	0.667765
1	0.700423
1	0.670078
1	0.639813
1	0.781614
1	0.535142
1	0.435063
1	0.677166
1	0.343601
1	0.592759
1	0.73353
1	0.807454
1	0.620503
1	0.569291
1	0.638667
1	0.594309
1	0.491054
1	0.435519
1	0.759681
1	0.482814
1	0.378787
1	0.256986
1	0.423775
1	0.371479
1	0.476503
1	0.582984
1	0.777672
1	0.522446
1	0.860126
1	0.835002
1	0.522276
1	0.664322
1	0.68412
1	0.769212
1	0.802816
1	0.777299
1	0.693783
1	0.655146
1	0.688696
1	0.62964
1	0.785728
1	0.744014
1	0.774749
1	0.710529
1	0.768017
1	0.135627
1	0.6768
-1	0.0498045
-1	0.0476903
-1	-0.00382107
-1	0.0635232
-1	0.109229
-1	-0.0382415
-1	0.060189
-1	0.174994
-1	0.0949482
-1	-0.0138338
-1	0.347378
-1	0.0490858
-1	-0.039541
-1	0.119594
-1	0.0747624
-1	0.197321
-1	0.143074
-1	0.0260865
-1	0.0152467
-1	0.152251
-1	-0.0205334
-1	-0.0777514
-1	0.0696816
-1	0.0757591
-1	0.00486849
-1	0.0381665
-1	0.0184312
-1	0.0667219
-1	0.124875
-1	0.0129799
-1	-0.0216767
-1	0.0105551
-1	-0.114078
-1	-0.0299786
-1	0.0824328
-1	-0.0288292
-1	0.0888971
-1	0.111405
-1	0.0595822
-1	0.160387
-1	0.105773
-1	-0.0252981
-1	0.00195427
-1	0.0317652
-1	-0.0183002
-1	-0.149997
-1	0.291368
-1	0.0685356
-1	0.0954098
-1	0.0369425
-1	0.0217062
-1	-0.0014695
-1	0.0208008
-1	0.043714
-1	-0.0104761
-1	0.0438831
-1	0.0802072
-1	-0.0436073
-1	0.303316
-1	0.1067
-1	0.0976927
-1	0.183728
-1	0.133526
-1	0.0266813
-1	-0.108769
-1	0.0794725
-1	-0.0385609
-1	0.0746619
-1	0.0131655
-1	-0.0769758
-1	-0.0529982
-1	0.15602
-1	0.128544
-1	0.152252
-1	0.196816
-1	-0.0712791
-1	0.0451615
-1	0.0945205
-1	0.208323
-1	0.213919
-1	-0.100382
-1	-0.152622
-1	-0.0683197
-1	0.0791781
-1	-0.0387552
-1	0.0229109
-1	-0.021239
-1	-0.0620449
-1	-0.0596005
-1	-0.000156935
-1	-0.123125
-1	0.203001
-1	0.113796
-1	0.106952
-1	0.00514336
-1	-0.0296178
-1	0.168519
-1	0.0917592
-1	-0.000243735
-1	0.0326765
-1	-0.0497415
-1	0.202625
-1	-0.0131332
-1	-0.00415928
-1	-0.0180791
-1	0.0656167
-1	0.167919
-1	0.0704236
-1	-0.024679
-1	0.0135443
-1	-0.0574517
-1	0.0727763
-1	0.0528068
-1	0.0238367
-1	0.245764
-1	0.141299
-1	0.125229
-1	0.0200908
-1	0.0868245
-1	0.0886612
-1	0.0134048
-1	0.0507756
-1	0.209109
-1	0.00647026
-1	0.144776
-1	-0.0274111
-1	-0.0209211
-1	-0.0738976
-1	-0.0865244
-1	-0.0789817
-1	0.133849
-1	-0.111262
-1	0.0298373
-1	0.0802057
-1	0.161486
-1	0.126846
-1	-0.0689225
-1	-0.104038
-1	0.0832789
-1	0.177191
-1	-0.125999
-1	-0.0291448
-1	0.102012
-1	0.103784
-1	-0.0195132
-1	0.0803494
-1	0.00850015
-1	-0.0537513
-1	0.25124
-1	-0.00308459
-1	0.0121751
-1	0.103747
-1	-0.0557636
-1	-0.00704318
-1	0.0740683
-1	0.130432
-1	0.0992921
-1	0.0395023
-1	0.16892
-1	0.00180705
-1	0.120004
-1	-0.0576249
-1	0.0465599
-1	0.070686
-1	0.0942429
-1	-0.0193866
-1	0.225574
-1	0.0407781
-1	-0.0693372
-1	0.0855779
-1	-0.0499015
-1	0.159243
-1	0.211572
-1	0.114899
-1	0.00290029
-1	-0.115102
-1	-0.0194376
-1	0.107388
-1	0.00479224
-1	0.00364429
-1	0.0524011
-1	0.0749798
-1	-0.0434458
-1	0.0295668
-1	0.226708
-1	-0.00455233
-1	0.0808666
-1	0.0851695
-1	0.0651986
-1	0.0372178
-1	0.0396175
-1	0.0869494
-1	0.0882779
-1	0.061067
-1	0.111862
-1	0.120166
-1	0.0572912
-1	0.173144
-1	0.140438
-1	0.0126185
-1	-0.146185
-1	-0.0170888
-1	-0.0713051
-1	0.135675
-1	-0.100117
-1	0.221772
-1	0.028588
-1	-0.087441
-1	0.00612758
-1	0.147834
-1	0.0389308
-1	-0.0171117
-1	0.0977786
-1	-0.0608784
-1	0.156443
-1	-0.0656431
-1	0.00282183
-1	0.131339
-1	0.0330294
-1	-0.0191562
-1	-0.0357253
-1	0.202027
-1	-0.112504
-1	-0.120398
-1	0.119318
-1	-0.000551203
-1	-0.00156758
-1	0.0221637
-1	-0.0643704
-1	0.0716829
-1	-0.182294
-1	-0.0411053
-1	-0.143237
-1	-0.0416398
-1	-0.0999476
-1	0.238038
-1	0.0264969
-1	-0.00147821
-1	-0.027155
-1	-0.0707453
-1	0.0722213
-1	0.00509484
-1	-0.00240351
-1	0.0346882
-1	0.141999
-1	-0.0166583
-1	0.220567
-1	0.206427
-1	0.0946311
-1	-0.0560868
-1	0.156517
-1	-0.0442107
-1	0.148975
-1	-0.0159323
-1	-0.0139713
-1	0.0453246
-1	-0.0142363
-1	-0.0711447
-1	0.0410514
-1	0.204902
-1	0.0391678
-1	0.0378726
-1	0.108813
-1	0.330437
-1	-0.00834863
-1	0.140098
-1	-0.0565108
-1	0.130961
-1	0.0951744
-1	-0.067959
-1	-0.0293834
-1	-0.0129655
-1	0.145974
-1	-0.10902
-1	0.204892
-1	-0.0342787
-1	0.213312
-1	0.0666154
-1	-0.0847304
-1	0.081651
-1	-0.0636152
-1	0.181012
-1	0.143154
-1	0.166123
-1	0.142539
-1	0.0882078
-1	-0.021429
-1	0.0282999
-1	-0.0536969
-1	-0.0067961
-1	0.0553182
-1	-0.00560931
-1	-0.0262855
-1	-0.0898783
-1	0.0954295
-1	0.0295953
-1	0.178885
-1	-0.0201808
-1	-0.0246236
-1	0.0302477
1	0.503332
1	0.607013
1	0.618164
1	0.708964
1	0.717753
1	0.795154
1	0.68095
1	0.699958
1	0.668645
1	0.69137
1	0.658037
1	0.57048
1	0.617044
1	0.494499
1	0.803432
1	0.549198
1	0.601127
1	0.550202
1	0.79315
1	0.774674
1	0.403436
1	0.66932
1	0.889022
1	0.61194
1	0.672745
1	0.536716
1	0.72224
1	0.565323
1	0.488138
1	0.767893
1	0.464635
1	0.634396
1	0.699912
1	0.779883
1	0.696044
1	0.69581
1	0.715238
1	0.548133
1	0.669924
1	0.649597
1	0.611439
1	0.707687
1	0.831509
1	0.749471
1	0.647372
1	0.510595
1	0.703828
1	0.565793
1	0.513807
1	0.714731
1	0.813185
1	0.62584
1	0.798447
1	0.72655
1	0.646794
1	0.723671
1	0.773095
1	0.586205
1	0.537369
1	0.545473
1	0.657197
1	0.639475
1	0.62345
1	0.596585
1	0.56663
1	0.589464
1	0.797492
1	0.665044
1	0.43402
1	0.595612
1	0.543792
1	0.574414
1	0.611857
1	0.47451
1	0.608893
1	0.590505
1	0.728587
1	0.603003
1	0.750311
1	0.75044
1	0.774862
1	0.441663
1	0.592821
1	0.40656
1	0.688443
1	0.54721
1	0.647329
1	0.85595
1	0.841183
1	0.663089
1	0.760266
1	0.542347
1	0.724966
1	0.473501
1	0.650384
1	0.764832
1	0.656963
1	0.562478
1	0.490136
1	0.698362
1	0.774207
1	0.485314
1	0.538758
1	0.592369
1	0.556464
1	0.437361
1	0.597563
1	0.701527
1	0.707488
1	0.508793
1	0.577936
1	0.523911
1	0.496202
1	0.472561
1	0.650776
1	0.518464
1	0.747458
1	0.691551
1	0.561216
1	0.715696
1	0.589842
1	0.597428
1	0.706002
1	0.769486
1	0.75295
1	0.76469
1	0.64264
1	0.646426
1	0.560376
1	0.807104
1	0.657288
1	0.78305
1	0.553287
1	0.797065
1	0.787558
1	0.692398
1	0.608439
1	0.671189
1	0.654664
1	0.509139
1	0.608062
1	0.571456
1	0.58087
1	0.651758
1	0.521713
1	0.630354
1	0.801923
1	0.624891
1	0.667665
1	0.70963
1	0.562599
1	0.684781
1	0.62766
1	0.786227
1	0.47237
1	0.3764
1	0.559036
1	0.497921
1	0.810496
1	0.523919
1	0.39736
1	0.814669
1	0.788042
1	0.807756
1	0.641234
1	0.359707
1	0.656675
1	0.461028
1	0.519562
1	0.706979
1	0.67056
1	0.557217
1	0.548866
1	0.597986
1	0.756171
1	0.767421
1	0.65389
1	0.742597
1	0.772628
1	0.469282
1	0.637255
1	0.616819
1	0.517924
1	0.484787
1	0.634695
1	0.381464
1	0.313132
1	0.612742
1	0.672151
1	0.748617
1	0.676133
1	0.733001
1	0.607657
1	0.620175
1	0.658884
1	0.717585
1	0.828612
1	0.561781
1	0.575623
1	0.565527
1	0.569189
1	0.413854
1	0.694339
1	0.705972
1	0.88783
1	0.848123
1	0.720244
1	0.618565
1	0.679768
1	0.638848
1	0.545497
1	0.532719
1	0.697038
1	0.635514
1	0.939962
1	0.949218
1	0.901118
1	0.857842
1	0.685052
1	0.598664
1	0.690384
1	0.747916
1	0.651343
1	0.67339
1	0.555311
1	0.444793
1	0.552714
1	0.570784
1	0.791164
1	0.500695
1	0.856645
1	0.790915
1	0.67119
1	0.669468
1	0.877073
1	0.702561
1	0.773128
1	0.64283
1	0.595479
1	0.68479
1	0.735211
1	0.769504
1	0.779582
1	0.649835
1	0.796557
1	0.825431
1	0.544863
1	0.605616
1	0.88454
1	0.87302
1	0.725839
1	0.659382
1	0.698032
1	0.564617
1	0.486719
1	0.650134
1	0.662111
1	0.46578
1	0.564108
1	0.485066
1	0.545202
1	0.76329
1	0.748641
1	0.751853
1	0.73988
1	0.556472
1	0.542952
1	0.439891
1	0.448044
1	0.375803
1	0.515339
1	0.499462
1	0.78482
1	0.584573
1	0.653723
1	0.641612
1	0.714117
1	0.873228
1	0.72509
1	0.726247
1	0.722851
1	0.623171
1	0.53191
1	0.862431
1	0.506545
1	0.776245
1	0.608604
1	0.667747
1	0.592497
1	0.62163
1	0.62345
1	0.687648
1	0.705528
1	0.479815
1	0.522292
1	0.43331
1	0.755711
1	0.740106
1	0.776685
1	0.753655
-1	-0.347803
-1	0.211814
-1	0.087388
-1	0.114119
-1	0.00597288
-1	0.0280951
-1	0.130694
-1	0.150571
-1	-0.173338
-1	-0.0618786
-1	0.0739103
-1	0.0578505
-1	0.0508759
-1	0.135484
-1	-0.0787277
-1	-0.0440663
-1	0.201246
-1	0.217296
-1	-0.000577383
-1	-0.10621
-1	0.0756771
-1	-0.201159
-1	0.257554
-1	0.258715
-1	0.00108257
-1	0.0853047
-1	0.0960369
-1	0.0497279
-1	0.0773293
-1	0.0222737
-1	-0.0885319
-1	0.0408479
-1	0.232257
-1	-0.0613336
-1	0.324167
-1	0.121922
-1	-0.0453486
-1	0.152426
-1	0.0539408
-1	0.157897
-1	0.121973
-1	-0.140825
-1	0.112926
-1	-0.0184531
-1	0.240433
-1	0.111454
-1	0.0799847
-1	0.049528
-1	-0.0654405
-1	0.0833663
-1	0.197376
-1	-0.0555065
-1	0.121281
-1	0.065932
-1	0.0700782
-1	-0.0276215
-1	0.0175635
-1	-0.050092
-1	0.078512
-1	0.0719653
-1	0.164951
-1	0.0304097
-1	-0.161624
-1	-0.0508348
-1	0.0758788
-1	-0.0167258
-1	0.0206884
-1	0.110571
-1	0.0157803
-1	0.161504
-1	-0.112254
-1	-0.0847848
-1	0.129483
-1	-0.080207
-1	0.132287
-1	-0.0369788
-1	0.0138346
-1	0.0571923
-1	0.141602
-1	-0.178288
-1	-0.00380586
-1	0.178083
-1	0.0706023
-1	-0.0376314
-1	0.073736
-1	0.0520028
-1	0.0428151
-1	0.104973
-1	-0.0277095
-1	0.0405251
-1	0.0504888
-1	-0.049143
-1	-0.0636993
-1	0.0887361
-1	0.00685721
-1	0.158906
-1	-0.0443712
-1	-0.155309
-1	0.136289
-1	0.0635688
-1	-0.173784
-1	-0.113474
-1	0.0480212
-1	0.0562358
-1	-0.070594
-1	0.0949148
-1	-0.00538065
-1	0.0519749
-1	-0.00152186
-1	0.0161183
-1	-0.104886
-1	-0.228401
-1	0.200339
-1	-0.154936
-1	0.119677
-1	0.0555302
-1	0.268684
-1	0.00497242
-1	0.124724
-1	0.0630524
-1	0.240054
-1	0.194057
-1	0.144516
-1	-0.0143356
-1	0.131996
-1	0.0509978
-1	0.0451485
-1	0.0490891
-1	0.0211134
-1	0.14701
-1	-0.0438914
-1	0.258118
-1	0.118127
-1	0.012072
-1	-0.025741
-1	0.0673255
-1	-0.247898
-1	-0.00204411
-1	-0.00333416
-1	0.136529
-1	0.11087
-1	-0.0804986
-1	-0.0702432
-1	0.0471476
-1	0.198131
-1	0.0779431
-1	0.0137977
-1	-0.0372757
-1	0.0534385
-1	-0.0371053
-1	-0.093312
-1	-0.107006
-1	0.0691983
-1	0.0510175
-1	0.200248
-1	-0.119211
-1	-0.0236958
-1	0.0206598
-1	-0.0493367
-1	0.0338075
-1	0.0441846
-1	0.098854
-1	0.0531889
-1	0.118783
-1	-0.00117978
-1	-0.0142349
-1	0.0107435
-1	0.115834
-1	-0.0521643
-1	-0.0559324
-1	-0.120351
-1	0.0249404
-1	-0.105652
-1	0.0147155
-1	0.130068
-1	0.00459692
-1	-0.0331424
-1	0.110013
-1	0.0343227
-1	-0.0166392
-1	-0.139882
-1	0.041188
-1	-0.0412981
-1	0.048866
-1	-0.078305
-1	0.0093048
-1	-0.0947459
-1	0.00942537
-1	0.0472465
-1	0.0880468
-1	0.0816638
-1	0.092403
-1	0.0975857
-1	-0.0683558
-1	0.28019
-1	0.083137
-1	0.0213993
-1	-0.070481
-1	0.00677424
-1	0.0103206
-1	-0.0193114
-1	-0.0277063
-1	0.249284
-1	0.0914286
-1	0.0453274
-1	-0.0151427
-1	0.124255
-1	-0.150282
-1	0.0689508
-1	0.0637006
-1	-0.171924
-1	-0.112361
-1	-0.0780749
-1	-0.0728411
-1	0.0890269
-1	0.113703
-1	0.117763
-1	-0.0197782
-1	0.0962899
-1	0.043871
-1	-0.0894973
-1	0.27106
-1	0.168086
-1	0.0457871
-1	0.0387846
-1	-0.00925225
-1	0.0938184
-1	0.0882691
-1	0.064483
-1	0.0306813
-1	-0.109667
-1	0.224605
-1	0.0488367
-1	-0.0551161
-1	0.1665
-1	0.0719976
-1	0.0150891
-1	0.136773
-1	-0.162856
-1	0.0827585
-1	0.0364012
-1	0.272682
-1	0.0220992
-1	0.228683
-1	0.0627073
-1	0.0939474
-1	0.0466211
-1	-0.1663
-1	-0.161955
-1	0.0133084
-1	-0.15312
-1	-0.0287602
-1	0.0908983
-1	-0.0254693
-1	-0.0136495
-1	0.0768949
-1	0.0541875
-1	-0.0920951
-1	0.194726
-1	-0.0175193
-1	0.0224279
-1	0.160104
-1	0.00239788
-1	0.0138292
-1	-0.0302932
-1	-0.0489101
-1	-0.0395258
-1	0.0810266
-1	0.24605
-1	-0.078097
-1	0.280893
-1	0.102597
-1	-0.00281606
-1	0.0677665
-1	0.132267
-1	0.198918
-1	0.0637089
-1	0.150865
-1	-0.0385402
-1	0.144802
-1	0.0831284
-1	0.0162234
-1	0.0881467
-1	-0.0590362
-1	0.031563
-1	0.00851592
-1	0.0408088
-1	0.0243674
-1	0.000931669
-1	0.203501
-1	-0.109367
-1	0.0325392
-1	-0.112472
-1	0.0113811
-1	0.118792
-1	0.271013
-1	-0.0168464
-1	0.0927289
-1	0.106203
-1	-0.0128916
1	0.35925
1	0.435772
1	0.637257
1	0.708811
1	0.551397
1	0.586483
1	0.601052
1	0.52247
1	0.679305
1	0.828543
1	0.608199
1	0.673683
1	0.622701
1	0.536445
1	0.582499
1	0.645768
1	0.414117
1	0.787136
1	0.549421
1	0.608024
1	0.713179
1	0.748851
1	0.81348
1	0.747172
1	0.486524
1	0.739384
1	0.716296
1	0.494247
1	0.63849
1	0.535412
1	0.676775
1	0.736484
1	0.750036
1	0.339858
1	0.51888
1	0.684906
1	0.708278
1	0.733704
1	0.732017
1	0.230276
1	0.39678
1	0.0694986
1	0.606702
1	0.606778
1	0.751775
1	0.689505
1	0.800642
1	0.29123
1	0.751532
1	0.698899
1	0.704246
1	0.259468
1	0.662739
1	0.482511
1	0.624622
1	0.626939
1	0.757038
1	0.784398
1	0.513317
1	0.872526
1	0.854961
1	0.600971
1	0.606272
1	0.61283
1	0.578395
1	0.73851
1	0.772934
1	0.76931
1	0.819542
1	0.631187
1	0.749091
1	0.689591
1	0.443495
1	0.583551
1	0.6884
1	0.766164
1	0.807504
1	0.832002
1	0.630745
1	0.57378
1	0.718891
1	0.788722
1	0.637439
1	0.836093
1	0.787284
1	0.630384
1	0.686212
1	0.758246
1	0.760912
1	0.437597
1	0.703649
1	0.677891
1	0.80398
1	0.232384
1	0.660574
1	0.721152
1	0.612517
1	0.63854
1	0.674485
1	0.801821
1	0.600325
1	0.635709
1	0.642777
1	0.711648
1	0.7004
1	0.745827
1	0.846818
1	0.693587
1	0.516248
1	0.59389
1	0.44018
1	0.535944
1	0.639553
1	0.641797
1	0.673931
1	0.799043
1	0.701256
1	0.751351
1	0.85989
1	0.64969
1	0.732619
1	0.723089
1	0.787181
1	0.715436
1	0.648234
1	0.756439
1	0.503427
1	0.852632
1	0.741507
1	0.631499
1	0.641035
1	0.707649
1	0.75601
1	0.640415
1	0.472915
1	0.598897
1	0.338974
1	0.755553
1	0.808018
1	0.831526
1	0.728438
1	0.519807
1	0.496608
1	0.63556
1	0.644486
1	0.739154
1	0.769292
1	0.732054
1	0.790003
1	0.760956
1	0.540237
1	0.607965
1	0.574405
1	0.62903
1	0.646414
1	0.737727
1	0.584566
1	0.807061
1	0.820125
1	0.856063
1	0.741568
1	0.606129
1	0.581034
1	0.65894
1	0.541731
1	0.23624
1	0.715903
1	0.691518
1	0.683468
1	0.739781
1	0.701641
1	0.399567
1	0.591477
1	0.756479
1	0.709001
1	0.459981
1	0.682657
1	0.598856
1	0.634928
1	0.40206
1	0.540493
1	0.324349
1	0.609663
1	0.667356
1	0.517766
1	0.812284
1	0.811621
1	0.607918
1	0.54405
1	0.502738
1	0.735379
1	0.357385
1	0.615574
1	0.648326
1	0.711516
1	0.457262
1	0.523382
1	0.383714
1	0.694318
1	0.884864
1	0.511648
1	0.773132
1	0.533272
1	0.455327
1	0.636056
1	0.512587
1	0.673309
1	0.660823
1	0.677987
1	0.605999
1	0.603275
1	0.648017
1	0.61422
1	0.605635
1	0.753657
1	0.591761
1	0.669645
1	0.666554
1	0.730688
1	0.587151
1	0.850756
1	0.680772
1	0.751632
1	0.706563
1	0.748964
1	0.748574
1	0.615004
1	0.589568
1	0.58903
1	0.500342
1	0.554879
1	0.731827
1	0.799348
1	0.74526
1	0.744543
1	0.761371
1	0.682382
1	0.695769
1	0.788693
1	0.791205
1	0.710078
1	0.599952
1	0.717031
1	0.807345
1	0.517141
1	0.543486
1	0.751241
1	0.703975
1	0.701171
1	0.610071
1	0.464808
1	0.610854
1	0.742975
1	0.78166
1	0.857563
1	0.915179
1	0.798911
1	0.470613
1	0.654425
1	0.7586
1	0.786907
1	0.888992
1	0.483486
1	0.803605
1	0.483895
1	0.658536
1	0.632764
1	0.375688
1	0.651747
1	0.720981
1	0.664441
1	0.451137
1	0.225235
1	0.698645
1	0.657439
1	0.674968
1	0.558778
1	0.833284
1	0.57095
1	0.76465
1	0.525968
1	0.457661
1	0.501863
1	0.64743
1	0.52278
1	0.364747
1	0.486634
1	0.623978
1	0.740534
1	0.443848
1	0.567612
1	0.101267
1	0.0233156
1	0.541224
1	0.786645
1	0.597975
1	0.722264
1	0.596915
1	0.582878
1	0.714523
-1	0.135353
-1	0.0485926
-1	0.0622424
-1	0.0636437
-1	0.165751
-1	0.025157
-1	0.0439863
-1	0.206717
-1	-0.0127311
-1	0.00299887
-1	-0.00285268
-1	0.217279
-1	0.0742222
-1	0.118504
-1	0.113641
-1	0.115595
-1	0.00398447
-1	0.063113
-1	-0.022758
-1	-0.025928
-1	0.0571522
-1	0.0321708
-1	0.00163655
-1	0.207291
-1	0.00490609
-1	0.145692
-1	-0.0256971
-1	0.155457
-1	0.0946493
-1	-0.000292509
-1	0.18298
-1	0.122168
-1	0.0324365
-1	0.119244
-1	0.185846
-1	0.00988928
-1	0.0874879
-1	0.10921
-1	0.0937301
-1	0.0472869
-1	0.228675
-1	0.165504
-1	-0.0440182
-1	0.0718535
-1	0.266268
-1	0.0202291
-1	0.072864
-1	-0.00183016
-1	0.263647
-1	0.140133
-1	0.0523772
-1	0.0623465
-1	-0.00414617
-1	-0.00318717
-1	-0.0684398
-1	-0.21472
-1	-0.101154
-1	-0.00373343
-1	0.100626
-1	0.0263183
-1	0.0392656
-1	-0.0642963
-1	0.133228
-1	-0.0477639
-1	0.23582
-1	0.216952
-1	0.0137986
-1	0.18856
-1	0.0363215
-1	0.0345819
-1	0.123115
-1	-0.0539143
-1	0.0941127
-1	0.111397
-1	0.0456476
-1	0.169334
-1	-0.0136791
-1	0.148537
-1	-0.162906
-1	0.212136
-1	0.0269067
-1	0.0251028
-1	-0.00746897
-1	-0.0327635
-1	0.0173415
-1	0.00117141
-1	0.094069
-1	-0.0571982
-1	-0.0357547
-1	0.0548434
-1	-0.0559634
-1	0.234954
-1	-0.0723775
-1	-0.0126981
-1	0.0487915
-1	0.0378683
-1	-0.0162611
-1	-0.0766989
-1	0.0486312
-1	-0.00718899
-1	0.211878
-1	-0.0970978
-1	-0.19669
-1	0.049853
-1	0.108033
-1	-0.108056
-1	-0.0298681
-1	-0.149246
-1	0.0150561
-1	0.119622
-1	0.145157
-1	0.0317114
-1	0.116009
-1	-0.101907
-1	0.0505063
-1	0.0362033
-1	0.0854873
-1	0.0655648
-1	0.0790365
-1	-0.0366519
-1	0.111566
-1	0.0199258
-1	0.242859
-1	0.112492
-1	0.134498
-1	0.0537546
-1	0.0456181
-1	0.022726
-1	0.1886
-1	-0.0335271
-1	-0.0200059
-1	0.00984131
-1	0.105331
-1	-0.0429463
-1	0.0617313
-1	0.182239
-1	-0.0656513
-1	0.0525551
-1	0.0893993
-1	0.268223
-1	0.0778534
-1	0.156398
-1	0.0393913
-1	0.0860818
-1	0.0357572
-1	-0.0292822
-1	0.0626022
-1	0.222201
-1	0.157323
-1	0.045137
-1	0.0895328
-1	0.0211914
-1	0.0647823
-1	0.0464401
-1	0.00634787
-1	0.11573
-1	0.0919152
-1	0.177303
-1	-0.014566
-1	0.0663084
-1	-0.0151296
-1	-0.191515
-1	-0.114319
-1	-0.0936612
-1	0.0181836
-1	0.0880582
-1	0.183918
-1	-0.0424287
-1	-0.0271256
-1	0.133066
-1	0.0889057
-1	-0.0658706
-1	-0.0431569
-1	0.13344
-1	0.00664704
-1	0.157031
-1	0.147341
-1	-0.0372414
-1	0.0774137
-1	-0.0209556
-1	0.10767
-1	-0.0490462
-1	0.00607344
-1	0.0565227
-1	0.014571
-1	0.137525
-1	0.168453
-1	0.0407554
-1	-0.0132245
-1	0.063853
-1	-0.150196
-1	0.222582
-1	0.0695292
-1	-0.124663
-1	-0.0991655
-1	0.0453803
-1	-0.0180274
-1	0.142992
-1	-0.0606698
-1	0.243857
-1	0.0357851
-1	0.152165
-1	0.0287627
-1	0.0109197
-1	-0.059391
-1	0.0227204
-1	-0.157771
-1	-0.0632372
-1	0.00623173
-1	0.0598633
-1	0.0388058
-1	-0.0390934
-1	-0.0696624
-1	0.0528709
-1	0.13705
-1	0.00901799
-1	0.20647
-1	-0.143692
-1	0.170622
-1	-0.0292039
-1	0.186888
-1	0.198812
-1	0.00286174
-1	-0.0483709
-1	0.175851
-1	0.181203
-1	0.0727342
-1	0.0971697
-1	0.0417127
-1	-0.0326119
-1	0.0423264
-1	0.0669566
-1	-0.0670205
-1	0.175697
-1	-0.203316
-1	0.105066
-1	0.0787566
-1	-0.0241276
-1	-0.0583305
-1	0.0333139
-1	-0.139583
-1	-0.00502569
-1	0.129112
-1	0.0304096
-1	0.137751
-1	-0.0151311
-1	0.167438
-1	0.150416
-1	0.117054
-1	0.0625773
-1	0.107982
-1	0.031382
-1	0.0729963
-1	-0.0684295
-1	0.180148
-1	0.133294
-1	-0.077183
-1	0.00638141
-1	-0.00715375
-1	-0.107428
-1	-0.0918144
-1	0.00221689
-1	0.138046
-1	0.0553496
-1	-0.0940799
-1	-0.00863342
-1	0.0090218
-1	0.0745177
-1	0.175862
-1	0.144904
-1	-0.130593
-1	0.0308986
-1	-0.0835673
-1	0.0131705
-1	0.0479982
-1	0.166835
-1	0.101578
-1	0.155121
-1	-0.0518732
-1	-0.09064
-1	0.20728
-1	0.00311702
-1	0.06758
-1	-0.0433298
-1	0.0927943
-1	0.0579487
-1	0.0969708
-1	0.177773
-1	0.12151
-1	0.0693959
-1	0.0230862
-1	-0.0593953
-1	0.0524569
-1	-0.0363749
-1	0.074177
-1	-0.0428077
-1	0.0421547
-1	-0.116181
-1	0.0488289
-1	0.382432
1	0.70837
1	0.751513
1	0.675138
1	0.789912
1	0.632219
1	0.716282
1	0.747265
1	0.596163
1	0.436357
1	0.593708
1	0.426923
1	0.661792
1	0.692648
1	0.677144
1	0.33747
1	0.669985
1	0.415608
1	0.710696
1	0.608918
1	0.562559
1	0.55421
1	0.52812
1	0.398769
1	0.502181
1	0.610241
1	0.55911
1	0.52427
1	0.688266
1	0.452054
1	0.566176
1	0.617561
1	0.730431
1	0.744829
1	0.660298
1	0.701651
1	0.488311
1	0.774517
1	0.517501
1	0.714445
1	0.719682
1	0.782887
1	0.232683
1	0.458589
1	0.624037
1	0.30754
1	0.812011
1	0.823998
1	0.720755
1	0.518438
1	0.637742
1	0.656743
1	0.61567
1	0.752
1	0.708339
1	0.534589
1	0.584122
1	0.606933
1	0.64685
1	0.646933
1	0.582212
1	0.696687
1	0.4265
1	0.480001
1	0.582762
1	0.538736
1	0.488535
1	0.717948
1	0.522556
1	0.783002
1	0.335857
1	0.445727
1	0.686126
1	0.703221
1	0.460654
1	0.694794
1	0.712122
1	0.455009
1	0.667986
1	0.569415
1	0.595596
1	0.76497
1	0.542759
1	0.671751
1	0.597122
1	0.741673
1	0.602394
1	0.749712
1	0.446887
1	0.816275
1	0.625232
1	0.514023
1	0.477242
1	0.681645
1	0.59689
1	0.762615
1	0.554687
1	0.771929
1	0.67917
1	0.768617
1	0.674791
1	0.685532
1	0.465523
1	0.634584
1	0.514081
1	0.394705
1	0.475675
1	0.468913
1	0.71581
1	0.723715
1	0.483271
1	0.786441
1	0.722643
1	0.731832
1	0.599644
1	0.53178
1	0.624744
1	0.748839
1	0.72892
1	0.656512
1	0.669718
1	0.644439
1	0.630721
1	0.660412
1	0.69181
1	0.375143
1	0.528399
1	0.364225
1	0.712221
1	0.670061
1	0.540392
1	0.524643
1	0.671865
1	0.63765
1	0.705184
1	0.50154
1	0.548553
1	0.655661
1	0.465434
1	0.677707
1	0.333718
1	0.598257
1	0.661168
1	0.802925
1	0.740538
1	0.271167
1	0.686454
1	0.685999
1	0.7209
1	0.782513
1	0.769671
1	0.687645
1	0.533033
1	0.658664
1	0.457761
1	0.353529
1	0.814942
1	0.737167
1	0.654904
1	0.732474
1	0.58283
1	0.47516
1	0.579965
1	0.719762
1	0.550268
1	0.532316
1	0.636143
1	0.6967
1	0.816516
1	0.624706
1	0.869657
1	0.499714
1	0.64227
1	0.51751
1	0.765334
1	0.409735
1	0.56621
1	0.512873
1	0.782347
1	0.767725
1	0.739557
1	0.757896
1	0.717376
1	0.629877
1	0.494743
1	0.642259
1	0.636315
1	0.590489
1	0.734584
1	0.749605
1	0.660781
1	0.706473
1	0.663836
1	0.504083
1	0.515329
1	0.512393
1	0.561846
1	0.867965
1	0.667242
1	0.731164
1	0.521073
1	0.548647
1	0.550451
1	0.667346
1	0.647799
1	0.795888
1	0.609448
1	0.497426
1	0.671109
1	0.618394
1	0.513777
1	0.540339
1	0.624714
1	0.743577
1	0.646994
1	0.676597
1	0.645952
1	0.53866
1	0.552092
1	0.828244
1	0.664394
1	0.687624
1	0.53482
1	0.664493
1	0.637052
1	0.662776
1	0.632073
1	0.568295
1	0.583355
1	0.608569
1	0.435051
1	0.570911
1	0.42544
1	0.909619
1	0.583319
1	0.628791
1	0.445602
1	0.554911
1	0.44748
1	0.374475
1	0.64581
1	0.653025
1	0.705613
1	0.730678
1	0.844
1	0.791549
1	0.805844
1	0.774207
1	0.729259
1	0.68576
1	0.586079
1	0.72939
1	0.810917
1	0.714948
1	0.424148
1	0.789392
1	0.556824
1	0.633746
1	0.632768
1	0.704725
1	0.570018
1	0.559457
1	0.586377
1	0.751394
1	0.660765
1	0.701785
1	0.772851
1	0.765128
1	0.847185
1	0.701756
1	0.583065
1	0.732769
1	0.713083
1	0.688417
1	0.489592
1	0.550723
1	0.463607
1	0.539484
1	0.604053
1	0.652697
1	0.779944
1	0.70889
1	0.840955
1	0.724342
1	0.473952
1	0.760018
1	0.619282
1	0.659258
1	0.362012
1	0.519585
1	0.764864
1	0.655773
1	0.718897
1	0.79697
1	0.647081
1	0.550788
1	0.66776
1	0.750954
1	0.728486
1	0.710648
1	0.717097
-1	0.0453043
-1	0.0903931
-1	0.0368847
-1	0.0743284
-1	0.0315805
-1	0.00265553
-1	0.37848
-1	0.166246
-1	0.150253
-1	0.0109997
-1	0.0252716
-1	-0.058635
-1	0.00579885
-1	-0.050282
-1	0.110111
-1	0.0347096
-1	-0.0671341
-1	-0.0631246
-1	0.0415478
-1	0.271189
-1	-0.017402
-1	0.140584
-1	0.0910045
-1	0.0296848
-1	-0.10405
-1	-0.0806401
-1	-0.176999
-1	0.160148
-1	-0.104404
-1	0.0297292
-1	0.129101
-1	0.0537456
-1	0.00203712
-1	-0.131349
-1	0.0163791
-1	0.113481
-1	0.023194
-1	0.0551041
-1	0.0549221
-1	-0.0184827
-1	0.00585459
-1	0.130181
-1	0.0898463
-1	0.0125002
-1	0.251652
-1	0.236386
-1	0.0825276
-1	0.0390261
-1	0.0158498
-1	0.148488
-1	-0.0539762
-1	-0.0292282
-1	0.105841
-1	-0.00884234
-1	-0.194482
-1	-0.0266411
-1	-0.161524
-1	0.0187076
-1	0.0729646
-1	0.084157
-1	0.0910076
-1	-0.0618897
-1	-0.0621323
-1	0.142508
-1	0.111369
-1	0.27955
-1	0.123849
-1	0.00198352
-1	0.14588
-1	-0.0730027
-1	0.238677
-1	0.134363
-1	-0.181838
-1	0.151564
-1	0.169719
-1	-0.151006
-1	-0.00124144
-1	-0.0653161
-1	0.0946547
-1	-0.0246584
-1	-0.0456043
-1	-0.0349948
-1	-0.007185
-1	0.11023
-1	0.216228
-1	-0.13163
-1	-0.0151315
-1	0.0989402
-1	-0.0122607
-1	0.0145152
-1	0.0582327
-1	0.205529
-1	-0.0438836
-1	-0.0576729
-1	-0.0706335
-1	0.0337831
-1	0.0675616
-1	0.036749
-1	0.115184
-1	-0.061756
-1	0.140731
-1	0.0817266
-1	0.0846006
-1	0.146853
-1	-0.0347614
-1	0.0876955
-1	0.0451817
-1	0.192877
-1	-0.0276997
-1	0.0883429
-1	0.011788
-1	0.120873
-1	0.0921241
-1	0.0216902
-1	-0.154652
-1	-0.0446251
-1	0.266
-1	0.122771
-1	0.12425
-1	0.205453
-1	0.168414
-1	0.0872699
-1	-0.0536302
-1	0.0188782
-1	0.183994
-1	0.201728
-1	-0.0271365
-1	-0.0414603
-1	0.0894488
-1	0.14265
-1	-0.086471
-1	0.122076
-1	0.0640486
-1	0.042245
-1	0.0836576
-1	-0.0691381
-1	-0.0603752
-1	0.022951
-1	0.148402
-1	0.00454436
-1	-0.0492416
-1	0.0829783
-1	0.0854762
-1	0.152028
-1	-0.0486131
-1	0.102536
-1	-0.0406994
-1	0.0587932
-1	0.131527
-1	-0.0991933
-1	0.00133389
-1	0.0940866
-1	-0.109871
-1	-0.101814
-1	0.0574812
-1	0.0654001
-1	-0.00621957
-1	-0.01987
-1	0.0312445
-1	-0.0607447
-1	0.136554
-1	0.018093
-1	0.0114902
-1	0.097024
-1	0.20535
-1	0.101989
-1	0.0380367
-1	-0.190387
-1	0.00778156
-1	-0.0328771
-1	-0.0285216
-1	0.0801372
-1	0.0756672
-1	-0.163809
-1	0.0388565
-1	-0.10049
-1	0.104518
-1	0.1019
-1	0.0728722
-1	0.288552
-1	0.033004
-1	-0.108591
-1	0.00627848
-1	0.0434663
-1	0.0946427
-1	-0.0282985
-1	0.0563686
-1	0.241202
-1	0.188871
-1	-0.0602389
-1	0.188856
-1	-0.0546298
-1	0.0920675
-1	0.0118662
-1	0.234187
-1	-0.0869449
-1	-0.0831974
-1	0.0990403
-1	0.00666125
-1	-0.00619991
-1	0.0117465
-1	0.0661259
-1	0.00752039
-1	-0.00219454
-1	0.126059
-1	-0.0363346
-1	0.0560573
-1	0.0447677
-1	0.0651077
-1	0.0547168
-1	0.115104
-1	-0.0044205
-1	0.0422932
-1	0.00691037
-1	0.0561705
-1	-0.0979146
-1	0.0125871
-1	-0.121861
-1	-0.137239
-1	0.0922057
-1	-0.0185506
-1	0.151532
-1	0.177128
-1	-0.10683
-1	-0.158867
-1	-0.0852133
-1	0.0119335
-1	-0.159559
-1	0.105436
-1	0.113678
-1	0.125995
-1	0.0421532
-1	0.00694758
-1	0.0569067
-1	-0.113974
-1	-0.0486638
-1	0.0487919
-1	-0.0145753
-1	-0.0269409
-1	0.100654
-1	0.0976085
-1	0.129223
-1	-0.0728321
-1	0.0400876
-1	-0.0269079
-1	0.0304904
-1	-0.0750601
-1	0.200533
-1	0.0211975
-1	0.148923
-1	0.11957
-1	0.106609
-1	0.0598875
-1	0.151665
-1	-0.0298279
-1	0.0552304
-1	0.138272
-1	0.135853
-1	0.0568395
-1	-0.0659701
-1	0.0768177
-1	0.0533254
-1	0.153735
-1	0.122587
-1	0.226103
-1	0.0806616
-1	0.0291299
-1	0.12022
-1	0.123327
-1	0.0901018
-1	-0.0611726
-1	-0.00508211
-1	0.0299569
-1	0.00350481
-1	-0.0123865
-1	0.00330847
-1	0.0659548
-1	-0.00131683
-1	-0.0284943
-1	0.0182413
-1	0.0388515
-1	0.0116235
-1	0.0638778
-1	0.099254
-1	0.0978624
-1	0.10047
-1	0.054205
-1	0.231357
-1	-0.0421382
-1	0.106175
-1	0.174033
-1	0.175382
-1	-0.158185
-1	0.106569
-1	0.0483317
-1	-0.027696
-1	0.0713225
-1	0.158413
-1	-0.0629307
-1	0.111146
1	0.599771
1	0.670347
1	0.615565
1	0.802742
1	0.696698
1	0.75208
1	0.71872
1	0.453929
1	0.6273
1	0.643013
1	0.630309
1	0.603115
1	0.715189
1	0.856837
1	0.430624
1	0.694442
1	0.616085
1	0.585079
1	0.448215
1	0.648301
1	0.601494
1	0.662491
1	0.644136
1	0.557734
1	0.661406
1	0.448681
1	0.531426
1	0.825825
1	0.764431
1	0.69397
1	0.745239
1	0.787545
1	0.868026
1	0.498417
1	0.656344
1	0.435838
1	0.597105
1	0.758225
1	0.695712
1	0.719347
1	0.606517
1	0.822912
1	0.814662
1	0.707232
1	0.732771
1	0.612874
1	0.502873
1	0.585191
1	0.617059
1	0.507176
1	0.517955
1	0.56048
1	0.517147
1	0.613057
1	0.633483
1	0.658226
1	0.586402
1	0.612455
1	0.591453
1	0.516233
1	0.520665
1	0.764538
1	0.574428
1	0.76241
1	0.679669
1	0.720666
1	0.621959
1	0.742944
1	0.649108
1	0.438266
1	0.527371
1	0.595322
1	0.538158
1	0.434221
1	0.643499
1	0.696465
1	0.719002
1	0.69366
1	0.743514
1	0.567973
1	0.535787
1	0.437565
1	0.547851
1	0.40686
1	0.57473
1	0.527258
1	0.54888
1	0.632621
1	0.612661
1	0.600923
1	0.695138
1	0.75681
1	0.559779
1	0.612947
1	0.657142
1	0.590848
1	0.775117
1	0.866128
1	0.649424
1	0.430315
1	0.812902
1	0.590962
1	0.484285
1	0.558597
1	0.644059
1	0.554547
1	0.720005
1	0.581017
1	0.441231
1	0.562884
1	0.690736
1	0.638804
1	0.604722
1	0.435371
1	0.718391
1	0.621519
1	0.562189
1	0.417683
1	0.562809
1	0.424032
1	0.814398
1	0.773651
1	0.456659
1	0.510837
1	0.507802
1	0.778332
1	0.554333
1	0.862333
1	0.741695
1	0.547217
1	0.631142
1	0.634661
1	0.598263
1	0.629212
1	0.583542
1	0.858366
1	0.569189
1	0.548521
1	0.77352
1	0.711347
1	0.714679
1	0.651303
1	0.664291
1	0.510418
1	0.587629
1	0.627845
1	0.754124
1	0.603831
1	0.690444
1	0.717728
1	0.622871
1	0.731511
1	0.699256
1	0.567328
1	0.590249
1	0.679064
1	0.68076
1	0.715014
1	0.772414
1	0.746525
1	0.753434
1	0.495569
1	0.481861
1	0.764455
1	0.749023
1	0.664245
1	0.624378
1	0.729876
1	0.786968
1	0.582893
1	0.388442
1	0.57554
1	0.53261
1	0.47327
1	0.728366
1	0.804742
1	0.738679
1	0.71768
1	0.645572
1	0.507607
1	0.537086
1	0.899527
1	0.703465
1	0.569823
1	0.713497
1	0.697655
1	0.833985
1	0.539683
1	0.69532
1	0.77116
1	0.694707
1	0.388806
1	0.37951
1	0.497104
1	0.609841
1	0.705078
1	0.814988
1	0.775141
1	0.680526
1	0.475586
1	0.856989
1	0.593231
1	0.671306
1	0.497094
1	0.57176
1	0.597141
1	0.554621
1	0.623495
1	0.62348
1	0.430683
1	0.556174
1	0.602235
1	0.485996
1	0.780743
1	0.775875
1	0.807088
1	0.713802
1	0.655845
1	0.798656
1	0.792902
1	0.772095
1	0.687482
1	0.371643
1	0.521081
1	0.603498
1	0.629259
1	0.674842
1	0.56875
1	0.828236
1	0.645394
1	0.572591
1	0.570909
1	0.727208
1	0.843642
1	0.753579
1	0.587292
1	0.668045
1	0.671732
1	0.703867
1	0.69032
1	0.498362
1	0.650313
1	0.585413
1	0.433565
1	0.615772
1	0.775202
1	0.679533
1	0.616083
1	0.710919
1	0.580034
1	0.558033
1	0.801003
1	0.768657
1	0.792117
1	0.646773
1	0.620012
1	0.663165
1	0.679881
1	0.709814
1	0.857967
1	0.733475
1	0.817382
1	0.61614
1	0.533981
1	0.689779
1	0.54583
1	0.671241
1	0.576659
1	0.78375
1	0.587422
1	0.686049
1	0.56104
1	0.756256
1	0.770809
1	0.720049
1	0.682108
1	0.745683
1	0.792198
1	0.66518
1	0.616375
1	0.695539
1	0.554155
1	0.662851
1	0.465613
1	0.652952
1	0.42091
1	0.48303
1	0.615931
1	0.816247
1	0.691969
1	0.766555
1	0.577549
1	0.576955
1	0.714091
1	0.69762
1	0.641762
1	0.819036
1	0.680949
1	0.701219
1	0.583202
-1	-0.0768802
-1	-0.019218
-1	-0.0202399
-1	-0.0132496
-1	-0.141948
-1	-0.158694
-1	0.0318622
-1	-0.103488
-1	-0.0635437
-1	-0.0554609
-1	-0.0419219
-1	0.0741972
-1	-0.135025
-1	0.0412121
-1	0.0764165
-1	0.0911713
-1	-0.0341859
-1	0.0214291
-1	0.119499
-1	0.114532
-1	0.0844409
-1	0.000973585
-1	0.0432821
-1	0.0678146
-1	-0.190391
-1	0.0127921
-1	-0.040849
-1	0.0426886
-1	0.0364118
-1	0.0136054
-1	0.0575616
-1	-0.112372
-1	-0.00217127
-1	-0.0716698
-1	-3.28666e-05
-1	0.0734442
-1	0.101874
-1	0.136537
-1	0.0190616
-1	0.091871
-1	-0.0389708
-1	0.0652488
-1	0.0405339
-1	0.0708464
-1	0.0919593
-1	0.11767
-1	0.0688716
-1	-0.0518583
-1	-0.0942507
-1	0.0791494
-1	0.107167
-1	0.20052
-1	0.108766
-1	0.0820382
-1	-0.00309837
-1	-0.0731189
-1	0.316143
-1	0.0623436
-1	0.289033
-1	0.135347
-1	-0.0566854
-1	-0.0615814
-1	0.0014922
-1	0.0975779
-1	0.180546
-1	-0.0108855
-1	0.189527
-1	0.14067
-1	0.205884
-1	0.0891456
-1	-0.0396087
-1	0.101111
-1	0.124756
-1	0.134772
-1	0.0966562
-1	0.0697458
-1	0.187796
-1	-0.00184679
-1	-0.0794393
-1	0.103935
-1	0.0188897
-1	0.0493072
-1	0.0809338
-1	0.119562
-1	-0.0251329
-1	0.0421934
-1	-0.00846729
-1	0.116849
-1	0.0717049
-1	0.177618
-1	0.0896188
-1	-0.194268
-1	0.161372
-1	-0.0589087
-1	0.0979177
-1	0.0233525
-1	0.136204
-1	0.201995
-1	-0.0286014
-1	0.1067
-1	-0.0804561
-1	-0.00912979
-1	0.0800578
-1	-0.123023
-1	-0.109498
-1	-0.0025913
-1	0.0700504
-1	0.0664105
-1	0.273594
-1	0.0810934
-1	-0.0284701
-1	0.0416194
-1	0.0561962
-1	-0.0440742
-1	0.137248
-1	0.0315507
-1	0.265021
-1	-0.234564
-1	0.00919504
-1	0.00914778
-1	0.255726
-1	0.216351
-1	-0.121181
-1	0.182426
-1	0.0327305
-1	0.151491
-1	-0.0423508
-1	-0.0463435
-1	0.175585
-1	0.16092
-1	0.0313456
-1	0.000517056
-1	-0.0193013
-1	-0.0449353
-1	0.0640688
-1	-0.0607813
-1	-0.00831103
-1	0.0803973
-1	0.0158228
-1	0.0992471
-1	-0.0366767
-1	-0.0697991
-1	-0.100221
-1	-0.10337
-1	-0.0401739
-1	0.0867932
-1	-0.0703106
-1	0.212589
-1	-0.0439929
-1	0.142885
-1	0.103936
-1	0.0404899
-1	0.173213
-1	0.0438896
-1	-0.00667526
-1	0.044522
-1	0.114945
-1	0.00102783
-1	0.0785791
-1	-0.0942658
-1	0.0591739
-1	0.0484779
-1	0.0585071
-1	0.061691
-1	-0.0268139
-1	0.0608368
-1	0.00215298
-1	0.110069
-1	-0.0777647
-1	0.274583
-1	0.118472
-1	0.0489571
-1	0.048646
-1	-0.0155
-1	0.215874
-1	0.070767
-1	0.137322
-1	-0.0125413
-1	0.0992892
-1	0.109054
-1	0.0172019
-1	0.135793
-1	0.191368
-1	0.0949756
-1	-0.0160813
-1	-0.0347894
-1	0.151137
-1	0.0456483
-1	0.16812
-1	0.238368
-1	0.131382
-1	-0.110903
-1	0.0129896
-1	0.00641597
-1	0.0295979
-1	0.139233
-1	0.150526
-1	-0.0393421
-1	-0.102071
-1	-0.083283
-1	-0.0429118
-1	-0.0491032
-1	0.201904
-1	0.0717577
-1	0.00388708
-1	0.0338633
-1	0.0591931
-1	0.221252
-1	0.0728029
-1	0.0881451
-1	0.0740432
-1	-0.0469323
-1	-0.0207923
-1	0.00062643
-1	0.0132044
-1	0.0145758
-1	0.018116
-1	0.247411
-1	0.0559455
-1	0.00835659
-1	0.117248
-1	-0.122218
-1	-0.010132
-1	-0.0170396
-1	0.0559485
-1	0.0375727
-1	-0.122079
-1	-0.204231
-1	0.00534039
-1	0.0649387
-1	0.0426329
-1	0.0540357
-1	0.113243
-1	0.0402753
-1	0.133765
-1	0.0940437
-1	-0.0251254
-1	0.158991
-1	0.162447
-1	0.0912405
-1	0.112283
-1	0.0878252
-1	0.107648
-1	0.132459
-1	0.156051
-1	-0.0419457
-1	0.089011
-1	0.179564
-1	0.0686954
-1	0.0312075
-1	0.0843163
-1	0.0688284
-1	-0.0465439
-1	0.0460203
-1	0.0506394
-1	-0.0910286
-1	0.0586068
-1	0.0312347
-1	0.15864
-1	0.107168
-1	-0.0413193
-1	0.0229706
-1	-0.0839373
-1	0.0549069
-1	-0.0372643
-1	0.0509018
-1	0.053907
-1	-0.132167
-1	0.0636966
-1	0.125154
-1	0.0888245
-1	0.0542308
-1	0.0541494
-1	0.0188117
-1	0.0859004
-1	0.0442177
-1	-0.0447677
-1	0.0136252
-1	-0.0875697
-1	0.0369838
-1	0.0508679
-1	-0.107451
-1	0.134493
-1	-0.00130709
-1	0.108337
-1	-0.0223245
-1	0.0618292
-1	0.207234
-1	0.0917138
-1	-0.133154
-1	0.0235327
-1	0.0291496
-1	0.0957833
-1	-0.0660457
-1	0.0171089
-1	0.0591626
-1	-0.168246
-1	0.0358058
-1	-0.103269
-1	0.147517
1	0.86441
1	0.689332
1	0.631387
1	0.486593
1	0.273243
1	0.522159
1	0.64172
1	0.650345
1	0.754987
1	0.838038
1	0.782762
1	0.714164
1	0.832288
1	0.623523
1	0.76151
1	0.723825
1	0.713133
1	0.796216
1	0.646848
1	0.687067
1	0.793137
1	0.82598
1	0.861979
1	0.584141
1	0.713891
1	0.597388
1	0.46403
1	0.680858
1	0.555248
1	0.495581
1	0.656783
1	0.587474
1	0.624113
1	0.692514
1	0.573508
1	0.544536
1	0.769169
1	0.613725
1	0.704276
1	0.733105
1	0.658377
1	0.67254
1	0.641599
1	0.594323
1	0.745218
1	0.488106
1	0.847765
1	0.7952
1	0.715882
1	0.464379
1	0.672817
1	0.808358
1	0.726284
1	0.581328
1	0.444536
1	0.557455
1	0.745309
1	0.72869
1	0.755299
1	0.756485
1	0.705612
1	0.613235
1	0.815725
1	0.805472
1	0.733559
1	0.661425
1	0.823183
1	0.511783
1	0.555089
1	0.517115
1	0.636922
1	0.838902
1	0.607342
1	0.647674
1	0.453775
1	0.66291
1	0.581569
1	0.482439
1	0.820581
1	0.812607
1	0.732643
1	0.641935
1	0.79208
1	0.629342
1	0.676986
1	0.87346
1	0.574091
1	0.539336
1	0.752797
1	0.641864
1	0.56023
1	0.573041
1	0.551093
1	0.654315
1	0.681981
1	0.876558
1	0.731388
1	0.679016
1	0.703393
1	0.598282
1	0.875901
1	0.698648
1	0.590786
1	0.452353
1	0.56566
1	0.669182
1	0.582898
1	0.745
1	0.658801
1	0.645726
1	0.757848
1	0.769609
1	0.820707
1	0.789893
1	0.882591
1	0.596052
1	0.546088
1	0.840184
1	0.543643
1	0.570192
1	0.686219
1	0.703226
1	0.413181
1	0.523196
1	0.691601
1	0.587344
1	0.766828
1	0.701032
1	0.680919
1	0.510192
1	0.457752
1	0.666581
1	0.727617
1	0.910008
1	0.587067
1	0.704141
1	0.576914
1	0.45793
1	0.593465
1	0.588386
1	0.728216
1	0.617456
1	0.723535
1	0.639623
1	0.551287
1	0.655532
1	0.576025
1	0.635687
1	0.60021
1	0.65684
1	0.819862
1	0.66228
1	0.58041
1	0.805082
1	0.727132
1	0.443572
1	0.834792
1	0.746172
1	0.723656
1	0.815566
1	0.83639
1	0.732752
1	0.772509
1	0.726851
1	0.643159
1	0.722679
1	0.79522
1	0.736629
1	0.704392
1	0.682818
1	0.670986
1	0.658771
1	0.387205
1	0.496506
1	0.631318
1	0.331292
1	0.633265
1	0.636861
1	0.816157
1	0.486576
1	0.643207
1	0.772294
1	0.647225
1	0.743868
1	0.718018
1	0.799504
1	0.663739
1	0.626091
1	0.445787
1	0.696388
1	0.732169
1	0.764606
1	0.838663
1	0.572533
1	0.531159
1	0.652149
1	0.755977
1	0.682608
1	0.682065
1	0.679363
1	0.64501
1	0.616676
1	0.669196
1	0.467529
1	0.608283
1	0.656498
1	0.645738
1	0.695971
1	0.592666
1	0.78193
1	0.657207
1	0.823677
1	0.686814
1	0.736466
1	0.764557
1	0.625609
1	0.652395
1	0.631965
1	0.512838
1	0.601894
1	0.502644
1	0.507873
1	0.82144
1	0.709192
1	0.649374
1	0.608332
1	0.854575
1	0.756823
1	0.57517
1	0.833401
1	0.793236
1	0.742635
1	0.840248
1	0.832899
1	0.637451
1	0.478052
1	0.5668
1	0.424811
1	0.544847
1	0.492566
1	0.691674
1	0.462327
1	0.559263
1	0.311293
1	0.457258
1	0.566803
1	0.462087
1	0.386806
1	0.730327
1	0.725486
1	0.620273
1	0.71741
1	0.767596
1	0.524837
1	0.68553
1	0.501413
1	0.554679
1	0.843229
1	0.622027
1	0.514268
1	0.753397
1	0.588868
1	0.896686
1	0.485359
1	0.516946
1	0.519698
1	0.699305
1	0.818665
1	0.748215
1	0.674712
1	0.684043
1	0.774767
1	0.670526
1	0.452865
1	0.551114
1	0.571347
1	0.769951
1	0.723271
1	0.664261
1	0.736913
1	0.326523
1	0.698972
1	0.515883
1	0.752999
1	0.403814
1	0.831487
1	0.532942
1	0.714778
1	0.562358
1	0.857945
1	0.374416
1	0.649222
1	0.626023
1	0.391608
1	0.416864
1	0.616686
1	0.782588
1	0.730466
1	0.824563
1	0.783723
-1	-0.101398
-1	0.00123301
-1	0.221879
-1	-0.0654911
-1	-0.014722
-1	-0.00994535
-1	-0.0537351
-1	0.151383
-1	-0.160771
-1	-0.080778
-1	-0.0489115
-1	0.052691
-1	0.228784
-1	0.0618223
-1	0.194006
-1	-0.139596
-1	0.0347233
-1	0.0756289
-1	-0.109717
-1	0.0624516
-1	0.0415157
-1	0.0880362
-1	-0.0394452
-1	0.0470386
-1	0.225504
-1	-0.109565
-1	0.0553306
-1	0.169488
-1	-0.112865
-1	0.0984746
-1	0.0578695
-1	-0.039959
-1	-0.137792
-1	0.281631
-1	-0.0251779
-1	-0.0053232
-1	-0.0690187
-1	0.147718
-1	0.0641035
-1	0.136593
-1	0.00356449
-1	-0.100643
-1	0.0514532
-1	0.26562
-1	0.200418
-1	0.193216
-1	0.0706293
-1	0.172874
-1	0.0403222
-1	0.014905
-1	0.309687
-1	0.0510559
-1	-0.0906313
-1	0.0356782
-1	0.0486428
-1	0.0108934
-1	-0.0442916
-1	-0.112105
-1	-0.0487927
-1	-0.0156727
-1	-0.0551125
-1	0.126106
-1	-0.0892912
-1	0.0719224
-1	-0.13599
-1	-0.0323733
-1	-0.0605781
-1	-0.0861804
-1	0.0808659
-1	0.145071
-1	0.0780648
-1	0.0915892
-1	0.0976559
-1	-0.0635645
-1	0.177893
-1	0.169855
-1	0.0627317
-1	-0.0341016
-1	0.198515
-1	0.318361
-1	-0.00204607
-1	0.106672
-1	0.201956
-1	0.0350587
-1	0.0981229
-1	0.0931183
-1	0.026255
-1	-0.0983793
-1	0.102643
-1	0.0816089
-1	-0.170697
-1	-0.0166483
-1	0.0776815
-1	-0.0511939
-1	0.259972
-1	0.267126
-1	-0.0143556
-1	0.0475761
-1	-0.040405
-1	-0.000195868
-1	-0.114471
-1	-0.0401531
-1	-0.20395
-1	0.213851
-1	-0.0254869
-1	-0.0830846
-1	-0.107054
-1	-0.107656
-1	0.0933105
-1	-0.107806
-1	0.0926296
-1	0.172056
-1	-0.00431373
-1	-0.14397
-1	-0.0193012
-1	0.0469715
-1	0.089356
-1	-0.0204566
-1	0.169981
-1	0.314007
-1	0.112156
-1	0.0670301
-1	0.102208
-1	0.0207199
-1	0.0269367
-1	0.0621097
-1	-0.0530023
-1	0.158061
-1	0.0494406
-1	0.00172622
-1	0.152563
-1	-0.0047719
-1	0.202981
-1	0.0721675
-1	-0.143868
-1	0.00182234
-1	-0.0424231
-1	0.0295212
-1	0.22703
-1	-0.0378065
-1	0.00193049
-1	0.0707625
-1	-0.0264394
-1	0.0226208
-1	0.0428201
-1	0.121215
-1	0.0777076
-1	0.0730279
-1	-0.0108926
-1	-0.0214323
-1	0.036001
-1	-0.0885112
-1	0.211074
-1	0.0260829
-1	0.0345118
-1	0.0429191
-1	0.0390068
-1	0.0797643
-1	0.036807
-1	0.0376467
-1	-0.0757962
-1	0.206283
-1	0.0759353
-1	0.162767
-1	-0.0513035
-1	0.0703917
-1	-0.0818234
-1	-0.0221213
-1	-0.0295856
-1	0.0955749
-1	0.0639893
-1	0.0898293
-1	-0.015242
-1	0.00414952
-1	-0.0185688
-1	0.106488
-1	0.104142
-1	0.0144116
-1	-0.073066
-1	0.157696
-1	0.103534
-1	0.00500848
-1	-0.055935
-1	-0.103257
-1	-0.155328
-1	-0.18222
-1	0.0365727
-1	0.0924641
-1	0.0334343
-1	0.0442103
-1	0.323029
-1	-0.0860478
-1	0.0422219
-1	-0.0529761
-1	-0.00898536
-1	-0.145786
-1	-0.0987437
-1	0.155586
-1	0.348936
-1	0.0376103
-1	-0.161144
-1	-0.057323
-1	0.0823712
-1	-0.0514434
-1	-0.0121332
-1	-0.0293537
-1	-0.0345821
-1	0.0729088
-1	0.212693
-1	0.0876794
-1	0.0996675
-1	-0.144339
-1	0.0697575
-1	0.104748
-1	0.10871
-1	0.01238
-1	0.00653752
-1	-0.201138
-1	0.0974892
-1	-0.0965476
-1	0.0616001
-1	-0.110333
-1	0.250098
-1	0.0229687
-1	0.0189736
-1	0.0265938
-1	-0.0912573
-1	0.0266267
-1	0.0298374
-1	0.0240411
-1	0.100562
-1	0.0862379
-1	0.113102
-1	-0.0367638
-1	0.123314
-1	0.0594416
-1	0.146108
-1	0.0527008
-1	-0.0397065
-1	0.0653717
-1	0.0233171
-1	0.0403386
-1	-0.246836
-1	0.0108848
-1	0.00884173
-1	0.0758611
-1	0.285392
-1	0.112297
-1	-0.109693
-1	0.251932
-1	-0.0610758
-1	0.0391937
-1	-0.0362776
-1	0.0181751
-1	-0.0235471
-1	-0.0638838
-1	0.00066951
-1	-0.0622303
-1	-0.0112444
-1	0.236872
-1	0.0878601
-1	0.261227
-1	0.034892
-1	-0.116561
-1	0.170558
-1	-0.0367588
-1	0.240934
-1	0.0325704
-1	0.00135504
-1	0.101261
-1	-0.0591406
-1	-0.000785858
-1	-0.00129612
-1	-0.114066
-1	-0.0117062
-1	0.0684033
-1	0.0378778
-1	-0.0599798
-1	0.118425
-1	0.0620739
-1	-0.0224786
-1	0.141014
-1	-0.126617
-1	0.0777304
-1	-0.0704573
-1	0.107405
-1	0.122774
-1	-0.0329554
-1	0.290151
-1	-0.048675
-1	0.0596358
-1	0.0475214
-1	0.144311
-1	0.0782441
-1	0.0691023
-1	0.19274
-1	0.0660619
-1	-0.132636
-1	0.0331295
-1	0.208614
