2.557148039340972900e-01
-8.242367208003997803e-02
5.039564967155456543e-01
1.736149191856384277e-01
-2.766698896884918213e-01
4.297244548797607422e-01
-9.978746175765991211e-01
5.308386087417602539e-01
8.955686688423156738e-01
6.202673912048339844e-01
-7.496843338012695312e-01
7.621061801910400391e-01
1.101060271263122559e+00
-3.410274088382720947e-01
8.418179750442504883e-01
3.102976679801940918e-01
6.472522020339965820e-02
-3.937550783157348633e-01
-9.840970635414123535e-01
-4.461837708950042725e-01
7.441337108612060547e-01
-1.803181767463684082e-01
1.210935711860656738e-01
5.917825698852539062e-01
5.911822244524955750e-02
1.814100891351699829e-01
5.120033621788024902e-01
1.339080333709716797e+00
1.788851469755172729e-01
-4.842891693115234375e-01
-6.212771534919738770e-01
6.310944259166717529e-02
-6.759354472160339355e-02
-2.653383612632751465e-01
-1.487310379743576050e-01
-1.182220578193664551e+00
1.181453019380569458e-01
-6.885726451873779297e-01
1.123052477836608887e+00
7.661748528480529785e-01
-2.435825020074844360e-01
9.461688399314880371e-01
2.148423790931701660e-01
-1.997723430395126343e-02
7.271680235862731934e-01
3.152764439582824707e-01
-1.504817306995391846e-01
8.282654285430908203e-01
-2.690702974796295166e-01
5.786995291709899902e-01
3.552397489547729492e-01
2.119396775960922241e-01
3.549133837223052979e-01
-1.013218984007835388e-02
3.790184855461120605e-01
-3.667969703674316406e-01
4.412717223167419434e-01
4.483518898487091064e-01
-2.884158492088317871e-01
-2.119987308979034424e-01
-1.504141688346862793e-01
6.058881431818008423e-02
-8.166889846324920654e-02
7.072606086730957031e-01
-1.016324013471603394e-01
-3.781630992889404297e-01
8.906421065330505371e-01
6.411836147308349609e-01
-1.900029927492141724e-01
-2.807860076427459717e-01
-8.273555040359497070e-01
3.744248747825622559e-01
-1.266953162848949432e-02
-3.752872347831726074e-01
-8.750929236412048340e-01
3.925869464874267578e-01
7.157964706420898438e-01
-4.604156017303466797e-01
1.272792965173721313e-01
5.837812423706054688e-01
7.663483172655105591e-02
3.488586843013763428e-01
-8.388886451721191406e-01
-5.968137383460998535e-01
-3.437394797801971436e-01
4.477525651454925537e-01
2.035430818796157837e-01
2.134519256651401520e-02
-1.801340728998184204e-01
6.338773369789123535e-01
-5.571619868278503418e-01
1.866260468959808350e-01
6.147072315216064453e-01
8.189052343368530273e-03
-2.028035465627908707e-03
7.955336570739746094e-01
6.127406358718872070e-01
-5.070645213127136230e-01
-6.884044408798217773e-01
9.691539220511913300e-03
2.252334356307983398e-01
-1.494654715061187744e-01
-2.914677262306213379e-01
1.021911025047302246e+00
-4.502018094062805176e-01
-7.010734081268310547e-01
7.860010862350463867e-01
-5.751324295997619629e-01
4.344429373741149902e-01
-6.086093783378601074e-01
-5.847788229584693909e-02
3.771221637725830078e-01
-2.930278331041336060e-02
1.732614785432815552e-01
1.304311156272888184e-01
3.761720061302185059e-01
5.644596815109252930e-01
5.338456630706787109e-01
-5.803399682044982910e-01
1.011350005865097046e-01
2.004484683275222778e-01
-5.438515543937683105e-01
-4.174237847328186035e-01
4.485104382038116455e-01
1.646133661270141602e-01
-1.554751634597778320e+00
-3.700429201126098633e-02
5.011168122291564941e-02
-2.432644367218017578e-01
-4.596834182739257812e-01
-5.808686017990112305e-01
-7.406882941722869873e-03
1.308945268392562866e-01
7.840049862861633301e-01
8.322672545909881592e-02
1.213619709014892578e-01
-1.046314090490341187e-01
-8.690544366836547852e-01
-8.030064636841416359e-04
3.205554187297821045e-01
2.620737999677658081e-02
2.563225626945495605e-01
-2.808156907558441162e-01
2.885738909244537354e-01
-7.234257459640502930e-01
-3.602775186300277710e-02
9.417524188756942749e-02
-1.693170964717864990e-01
-4.055788218975067139e-01
7.963920943439006805e-04
-7.368905544281005859e-01
1.026977658271789551e+00
1.085817962884902954e-01
-4.957291483879089355e-02
4.676458835601806641e-01
2.213736027479171753e-01
1.626885980367660522e-01
3.043935894966125488e-01
4.406998753547668457e-01
-5.357402563095092773e-01
5.076478123664855957e-01
1.313641309738159180e+00
-6.937667727470397949e-02
-7.553877681493759155e-02
7.530045509338378906e-01
3.073119819164276123e-01
-7.344110012054443359e-01
-7.878211736679077148e-01
-4.678087532520294189e-01
6.712045073509216309e-01
3.884986042976379395e-01
2.594716846942901611e-01
8.293512463569641113e-01
-5.680571794509887695e-01
1.437545418739318848e+00
1.063049793243408203e+00
-6.839009374380111694e-02
-1.328439712524414062e-01
-5.320212841033935547e-01
-1.333425790071487427e-01
-5.650619268417358398e-01
-6.856455206871032715e-01
-7.195674628019332886e-02
-6.599782109260559082e-01
-4.067177474498748779e-01
-2.476416826248168945e-01
-1.496324688196182251e-01
2.170979976654052734e-01
1.264816373586654663e-01
-5.043222904205322266e-01
-1.205762624740600586e+00
-1.408344358205795288e-01
6.163970232009887695e-01
-9.157382696866989136e-02
-2.927722036838531494e-01
3.936460316181182861e-01
1.148654103279113770e+00
-4.706219732761383057e-01
8.660771846771240234e-01
-5.371207594871520996e-01
7.010210752487182617e-01
1.692665815353393555e-01
4.678682610392570496e-02
-1.521127521991729736e-01
-8.006529510021209717e-02
5.102348327636718750e-01
4.396116435527801514e-01
4.263016879558563232e-01
-1.492222696542739868e-01
3.268639147281646729e-01
-1.044203191995620728e-01
-2.376106567680835724e-02
-5.307380110025405884e-02
4.701754450798034668e-01
-4.039854705333709717e-01
-9.060732722282409668e-01
8.208721876144409180e-02
-1.343612838536500931e-02
6.652511358261108398e-01
1.053556084632873535e+00
7.732807993888854980e-01
-5.755943432450294495e-02
-2.083586305379867554e-01
-9.372848868370056152e-01
-4.634902477264404297e-01
-5.527075380086898804e-03
1.072918027639389038e-01
9.530252218246459961e-01
-8.456482738256454468e-02
9.864835441112518311e-02
8.216805458068847656e-01
6.120074987411499023e-01
-5.562022328376770020e-01
6.875061392784118652e-01
4.468364268541336060e-02
4.630567431449890137e-01
-5.380079150199890137e-01
9.739987254142761230e-01
-2.277151681482791901e-03
5.474171638488769531e-01
-1.509044319391250610e-01
3.184162080287933350e-02
6.272317767143249512e-01
4.568472504615783691e-02
3.046157360076904297e-01
-3.823401927947998047e-01
-4.920550584793090820e-01
-1.220585033297538757e-01
1.461841166019439697e-01
-2.072400301694869995e-01
-6.265754699707031250e-01
3.606046736240386963e-01
-4.213524982333183289e-02
-1.049077391624450684e+00
2.949099838733673096e-01
5.766171216964721680e-01
-5.044236183166503906e-01
9.403319954872131348e-01
-5.543798804283142090e-01
-3.120582997798919678e-01
2.267211526632308960e-01
-8.120382428169250488e-01
-3.647296428680419922e-01
3.183024525642395020e-01
1.104442179203033447e-01
6.576982736587524414e-01
5.901490449905395508e-01
-5.486416220664978027e-01
-7.866619229316711426e-01
2.788181789219379425e-02
-3.149874806404113770e-01
5.223167538642883301e-01
-5.395925641059875488e-01
6.459551453590393066e-01
-6.342301964759826660e-01
-2.582784593105316162e-01
1.681750655174255371e+00
-8.581226319074630737e-02
5.187845230102539062e-01
3.833588659763336182e-01
1.197496175765991211e+00
1.178413987159729004e+00
3.853375017642974854e-01
2.412527650594711304e-01
-7.570803761482238770e-01
8.345271348953247070e-01
-8.192816376686096191e-01
1.299693703651428223e+00
1.654490679502487183e-01
2.716560959815979004e-01
-1.433067321777343750e-01
1.961307823657989502e-01
-5.531018376350402832e-01
-7.492714524269104004e-01
-5.662545934319496155e-02
-1.021406888961791992e+00
-7.714724540710449219e-01
5.580334663391113281e-01
-4.292420148849487305e-01
5.193451046943664551e-01
2.255924791097640991e-01
-3.640643358230590820e-01
6.863516569137573242e-02
-3.460600674152374268e-01
-2.077548652887344360e-01
-1.148775815963745117e+00
-1.954218596220016479e-01
5.429506301879882812e-01
5.777548551559448242e-01
4.967194199562072754e-01
-4.213036596775054932e-02
-1.431601285934448242e+00
-4.027752876281738281e-01
-6.297062039375305176e-01
4.106185957789421082e-02
2.680308930575847626e-02
7.830655574798583984e-01
-1.496440410614013672e+00
6.351621150970458984e-01
-4.207825958728790283e-01
-2.735008001327514648e-01
-1.615096628665924072e-01
-9.102851152420043945e-02
-6.920202970504760742e-01
-5.945246219635009766e-01
1.195719718933105469e+00
6.688001751899719238e-01
3.330738246440887451e-01
5.461693406105041504e-01
4.698481559753417969e-01
-7.725588679313659668e-01
3.713339567184448242e-01
1.596841067075729370e-01
-7.497732043266296387e-01
8.299292922019958496e-01
-4.372122883796691895e-01
-1.812542378902435303e-01
1.533718593418598175e-02
-2.064891457557678223e-01
-2.552141845226287842e-01
1.748147755861282349e-01
2.720789313316345215e-01
2.636570930480957031e-01
-1.993215531110763550e-01
-1.986835002899169922e-01
-8.119204640388488770e-02
-1.957603842020034790e-01
-4.849216714501380920e-02
6.548549979925155640e-02
4.431443214416503906e-01
4.267130792140960693e-01
1.847760677337646484e-01
-7.530139684677124023e-01
-2.793788015842437744e-01
2.454701662063598633e-01
-3.559789359569549561e-01
5.125986933708190918e-01
8.645510673522949219e-01
-1.777571886777877808e-01
-3.891017138957977295e-01
1.905609071254730225e-01
-1.213879063725471497e-01
8.700264990329742432e-02
3.647118508815765381e-01
-2.524230778217315674e-01
-7.962411046028137207e-01
-1.183936148881912231e-01
-3.939965367317199707e-01
4.599207043647766113e-01
-4.109178483486175537e-02
-2.223142832517623901e-01
-1.429185867309570312e+00
-3.753537237644195557e-01
4.420927911996841431e-02
-1.185796141624450684e+00
6.352023035287857056e-02
-5.541249513626098633e-01
2.858945131301879883e-01
-1.293003372848033905e-02
-9.727130532264709473e-01
1.079043984413146973e+00
-3.807952404022216797e-01
2.395519018173217773e-01
-3.162100017070770264e-01
-7.517075538635253906e-01
-1.105867996811866760e-01
-3.971050381660461426e-01
-1.675636470317840576e-01
-2.273689955472946167e-01
-6.873039007186889648e-01
-5.089952945709228516e-01
-9.245056509971618652e-01
3.484728336334228516e-01
-1.310967803001403809e+00
3.536431789398193359e-01
2.753679752349853516e-01
1.483227133750915527e+00
1.228780269622802734e+00
7.387521117925643921e-02
-1.157106086611747742e-01
-5.009002089500427246e-01
-3.457250595092773438e-01
9.961263537406921387e-01
-7.822573184967041016e-01
-3.043913841247558594e-01
-4.236074984073638916e-01
-3.034687638282775879e-01
3.575957417488098145e-01
1.290962696075439453e+00
-1.170223206281661987e-01
2.918784618377685547e-01
-3.572478145360946655e-02
2.405306547880172729e-01
4.227535724639892578e-01
-5.307560414075851440e-02
4.168972373008728027e-01
-2.562251985073089600e-01
-8.181365728378295898e-01
5.853598192334175110e-02
1.813782751560211182e-01
1.229993849992752075e-01
7.770670652389526367e-01
3.656615614891052246e-01
-3.238963782787322998e-01
-7.608460783958435059e-01
3.084482848644256592e-01
-4.960756003856658936e-02
-1.204050779342651367e-01
1.931843608617782593e-01
-3.948399424552917480e-01
-1.467029750347137451e-01
-6.653208285570144653e-02
3.102248907089233398e-01
-8.001190423965454102e-01
1.145749539136886597e-01
-6.969998031854629517e-02
7.433458231389522552e-03
1.082228541374206543e+00
-9.624890238046646118e-02
3.478879854083061218e-02
-1.298732012510299683e-01
4.107532799243927002e-01
-6.968516111373901367e-01
-3.717952072620391846e-01
6.840424537658691406e-01
7.224846482276916504e-01
-5.130494758486747742e-02
-3.741203248500823975e-01
4.350583255290985107e-01
2.355674058198928833e-01
-5.346443057060241699e-01
3.273225128650665283e-01
-1.953474730253219604e-01
6.709276437759399414e-01
-2.836409807205200195e-01
-2.590484321117401123e-01
3.131370544433593750e-01
4.227595329284667969e-01
-1.033576250076293945e+00
-8.868524432182312012e-01
5.055301636457443237e-02
-1.718994826078414917e-01
-1.991016417741775513e-01
1.024815320968627930e+00
1.466250777244567871e+00
3.497370779514312744e-01
4.852050840854644775e-01
1.747156679630279541e-01
-2.419518530368804932e-01
7.541302442550659180e-01
-4.678131937980651855e-01
2.963584661483764648e-01
-5.176990032196044922e-01
-1.603778004646301270e+00
9.438083171844482422e-01
2.376407235860824585e-01
-2.417711802991107106e-04
-8.943864107131958008e-01
1.516968309879302979e-01
-2.802543938159942627e-01
-5.097542405128479004e-01
-3.636245727539062500e-01
-1.068519353866577148e-01
-5.322369337081909180e-01
-5.738222599029541016e-02
1.576284885406494141e+00
9.375897049903869629e-01
-9.978107810020446777e-01
-1.214112713932991028e-01
1.946654021739959717e-01
6.494843959808349609e-01
-7.094382643699645996e-01
3.405850529670715332e-01
9.544168114662170410e-01
6.146087646484375000e-01
-5.450665950775146484e-01
-1.086560964584350586e+00
-6.756811738014221191e-01
-6.612343192100524902e-01
5.007722377777099609e-01
3.638662993907928467e-01
-2.472685426473617554e-01
-4.094615280628204346e-01
4.272656049579381943e-03
-7.178234457969665527e-01
2.766626775264739990e-01
7.836742997169494629e-01
1.234858334064483643e-01
-1.176214694976806641e+00
-2.557946555316448212e-02
-4.382586181163787842e-01
3.110653162002563477e-01
